1.849999999999999978e-01
2.903124999999999734e-01
3.810937500000000089e-01
3.879687499999999734e-01
4.090624999999999956e-01
4.267187499999999800e-01
4.443750000000000200e-01
4.598437499999999956e-01
4.546875000000000222e-01
4.857812499999999978e-01
4.901562500000000155e-01
5.143750000000000266e-01
5.342187499999999645e-01
5.537499999999999645e-01
5.665624999999999689e-01
5.771874999999999645e-01
6.082812499999999956e-01
6.360937500000000133e-01
6.659374999999999600e-01
6.785937499999999956e-01
7.012500000000000400e-01
7.023437500000000444e-01
7.131250000000000089e-01
7.210937499999999778e-01
7.303125000000000311e-01
7.382812500000000000e-01
7.434374999999999734e-01
7.493750000000000133e-01
7.528124999999999956e-01
7.484374999999999778e-01
7.490624999999999645e-01
7.671875000000000222e-01
7.635937499999999600e-01
7.762499999999999956e-01
7.662499999999999867e-01
7.732812500000000311e-01
7.742187499999999556e-01
7.881249999999999645e-01
7.753124999999999600e-01
7.832812500000000400e-01
7.818749999999999867e-01
7.945312500000000222e-01
7.973437500000000178e-01
8.101562500000000222e-01
8.071874999999999467e-01
8.110937499999999467e-01
8.148437499999999778e-01
8.095312500000000355e-01
8.210937499999999556e-01
8.273437500000000444e-01
8.223437500000000400e-01
8.357812500000000311e-01
8.340625000000000400e-01
8.495312499999999600e-01
8.456249999999999600e-01
8.503125000000000266e-01
8.476562500000000000e-01
8.553125000000000311e-01
8.570312500000000222e-01
8.579687499999999467e-01
8.696874999999999467e-01
8.718749999999999556e-01
8.664062500000000444e-01
8.781250000000000444e-01
8.767187499999999911e-01
8.785937499999999512e-01
8.798437500000000355e-01
8.935937499999999645e-01
8.879687499999999734e-01
8.940624999999999822e-01
8.976562500000000444e-01
8.962499999999999911e-01
8.951562499999999867e-01
8.939062500000000133e-01
9.010937500000000266e-01
8.992187499999999556e-01
9.023437500000000000e-01
9.054687500000000444e-01
9.059374999999999512e-01
9.090624999999999956e-01
9.060937500000000311e-01
9.092187499999999645e-01
9.214062499999999822e-01
9.118749999999999911e-01
9.187499999999999556e-01
9.207812499999999956e-01
9.242187499999999778e-01
9.196874999999999911e-01
9.167187500000000266e-01
9.170312499999999645e-01
9.217187500000000311e-01
9.268750000000000044e-01
9.221875000000000488e-01
9.209374999999999645e-01
9.237499999999999600e-01
9.245312500000000266e-01
9.242187499999999778e-01
9.293749999999999512e-01
9.329687500000000133e-01
9.262500000000000178e-01
9.329687500000000133e-01
9.379687500000000178e-01
9.300000000000000488e-01
9.334375000000000311e-01
9.332812499999999512e-01
9.339062500000000488e-01
9.293749999999999512e-01
9.329687500000000133e-01
9.399999999999999467e-01
9.329687500000000133e-01
9.428125000000000533e-01
9.379687500000000178e-01
9.460937499999999556e-01
9.404687499999999645e-01
9.370312499999999822e-01
9.418750000000000178e-01
9.404687499999999645e-01
9.421874999999999556e-01
9.384375000000000355e-01
9.396875000000000089e-01
9.453125000000000000e-01
9.396875000000000089e-01
9.417187500000000488e-01
9.451562500000000311e-01
9.421874999999999556e-01
9.399999999999999467e-01
9.423437500000000355e-01
9.418750000000000178e-01
9.476562499999999778e-01
9.410937499999999512e-01
9.478124999999999467e-01
9.434375000000000400e-01
9.471874999999999600e-01
9.501562500000000355e-01
9.460937499999999556e-01
9.459374999999999867e-01
9.443749999999999645e-01
9.470312499999999911e-01
9.506250000000000533e-01
9.532812499999999689e-01
9.501562500000000355e-01
9.532812499999999689e-01
9.539062499999999556e-01
9.520312499999999956e-01
9.479687500000000266e-01
9.531250000000000000e-01
9.512500000000000400e-01
9.529687500000000311e-01
9.473437500000000400e-01
9.578124999999999556e-01
9.495312500000000488e-01
9.528124999999999512e-01
9.539062499999999556e-01
9.540625000000000355e-01
9.531250000000000000e-01
9.559374999999999956e-01
9.504687499999999734e-01
9.559374999999999956e-01
9.601562500000000444e-01
9.575000000000000178e-01
9.487499999999999822e-01
9.593749999999999778e-01
9.543749999999999734e-01
9.576562499999999867e-01
9.581250000000000044e-01
9.540625000000000355e-01
9.576562499999999867e-01
9.559374999999999956e-01
9.579687500000000355e-01
9.565624999999999822e-01
9.601562500000000444e-01
9.565624999999999822e-01
9.539062499999999556e-01
9.518750000000000266e-01
9.593749999999999778e-01
9.575000000000000178e-01
9.609375000000000000e-01
9.592187500000000089e-01
9.614062500000000178e-01
9.606249999999999512e-01
9.573437500000000488e-01
9.582812499999999734e-01
9.587499999999999911e-01
9.592187500000000089e-01
9.604687499999999822e-01
9.579687500000000355e-01
9.604687499999999822e-01
9.610937499999999689e-01
9.645312499999999512e-01
9.625000000000000222e-01
9.626562499999999911e-01
9.634374999999999467e-01
9.612500000000000488e-01
9.596875000000000266e-01
9.614062500000000178e-01
9.578124999999999556e-01
9.614062500000000178e-01
9.589062499999999600e-01
9.631250000000000089e-01
9.603125000000000133e-01
9.651562500000000488e-01
