8.775316877290606499e-03
5.534262241174777060e-03
4.273508326150476933e-03
5.737924288647870512e-03
4.038017398367325754e-03
2.777022231991092219e-03
2.131918542242298379e-03
1.902294966081778281e-03
1.435417701335002906e-03
1.004784853042413719e-03
1.046141910289103858e-03
7.412445605344449842e-04
5.497319070855155587e-04
5.446070523854965604e-04
4.399320605443790555e-04
3.859749025044341701e-04
2.838392295719434637e-04
3.128968819510191679e-04
2.485778143939872402e-04
2.302352853196983626e-04
2.480250404914841056e-04
1.720024883979931474e-04
2.092121988728952995e-04
1.826330335461534560e-04
2.045777073362842202e-04
1.453822672677536896e-04
1.878185430541634560e-04
1.424252780755826673e-04
1.821814294089563191e-04
2.059634134639054537e-04
1.928268247866071761e-04
1.731614950889100721e-04
2.583451835865465123e-04
2.344676686334423721e-04
3.659058662985141259e-04
4.127692712548499125e-04
8.586259743121141827e-04
8.354340291892489159e-04
1.095766405342146754e-03
1.148955003979305499e-03
1.317413795428971522e-03
1.137020638755833037e-03
1.734535403860111959e-03
1.318918783605719678e-03
1.618423634984840877e-03
1.152152117962638609e-03
9.218716683487097061e-04
8.406100775270412004e-04
1.446911434565360420e-03
1.196737779537215829e-03
1.088039231641839020e-03
8.548609136293331421e-04
7.365177249691138303e-04
6.435829369972149170e-04
5.662948630439738071e-04
5.010047704369450247e-04
4.455187930337463635e-04
3.983430603208641392e-04
3.584063961170613766e-04
3.248503974949319977e-04
2.968664630316197872e-04
2.736232636380009353e-04
2.542577834295419175e-04
2.379127763560973108e-04
2.238302646825710842e-04
2.114483941113576293e-04
2.004058866684014508e-04
1.904747477965429425e-04
1.814951319829560816e-04
1.733400567900389433e-04
1.659063733920144448e-04
1.591037168206336507e-04
1.528538911467573205e-04
1.470912466174922884e-04
1.417565399606246501e-04
1.368022894894238561e-04
1.321847400201174030e-04
1.278677312560224375e-04
1.238215045304968953e-04
1.200193970968636419e-04
1.164372139707362945e-04
1.130576032058646236e-04
1.098639877454843372e-04
1.068429385971588348e-04
1.039813687384594232e-04
1.012682647948774244e-04
9.869472948291028991e-05
9.625192008873757765e-05
9.393333675689063966e-05
9.173263121435108736e-05
8.964386870502494276e-05
8.766188814964455411e-05
8.578120832680724561e-05
8.399702346650883555e-05
8.230410094256512821e-05
8.069869970010283544e-05
7.917576476756948978e-05
7.773286415613256395e-05
7.636588998138904572e-05
7.507272130169440061e-05
7.385171071897882178e-05
