2.469043650974829876e-02
2.055697360386450970e-02
1.351018529385328293e-02
1.123983909686406511e-02
9.732713379586735783e-03
8.961435717840990009e-03
8.358606602996587753e-03
7.836106466129422188e-03
7.369540321330229730e-03
6.952578395915527849e-03
6.580828262182573767e-03
6.239730205076436491e-03
5.908510220857958288e-03
5.562006107841928511e-03
5.161336351496477633e-03
4.632332401039700003e-03
3.943084816758831053e-03
3.362372071327020869e-03
3.001379431225359440e-03
2.733741770498454571e-03
2.515929033203671231e-03
2.317652668959150567e-03
2.134943070511023059e-03
1.971802868259449944e-03
1.832328067393973470e-03
1.714773563435301185e-03
1.612513723860805161e-03
1.518482177440698020e-03
1.427877112291753292e-03
1.338550617219880223e-03
1.250509657741834648e-03
1.165176227611179225e-03
1.084559412750725873e-03
1.010473992209881544e-03
9.439572556099543607e-04
8.851399179548025131e-04
8.335860814743986094e-04
7.885624266540011132e-04
7.488862320315092802e-04
7.128128442370021975e-04
6.787720679615935051e-04
6.460703928799679243e-04
6.145346220970774329e-04
5.840910744154825807e-04
5.546649723934630192e-04
5.261870877196391785e-04
4.986040779234220946e-04
4.718982963822782040e-04
4.460860024361560923e-04
4.212044635399554986e-04
3.973352383278931361e-04
3.745775223554422277e-04
3.530589068153252024e-04
3.329135943204164505e-04
3.142695374359997791e-04
2.972164584207348526e-04
2.817973678853983861e-04
2.679853811666059178e-04
2.556935287429951131e-04
2.447773828559244853e-04
2.350505092181265354e-04
2.263224766162844905e-04
2.184586725585783431e-04
2.113923546858131886e-04
2.050327263229216048e-04
1.992433826671913266e-04
1.939024029222006509e-04
1.889118987795276037e-04
1.841794000938534737e-04
1.796235155779868364e-04
1.751685194903984666e-04
1.707466484125082782e-04
1.663079140901876083e-04
1.618260818455989072e-04
1.573096718251084378e-04
1.528121295753711304e-04
1.484248071695522806e-04
1.442577025348631135e-04
1.404129543516319245e-04
1.369655825934993634e-04
1.339570941733351508e-04
1.314114645841376325e-04
1.293518762395251542e-04
1.278225002655138662e-04
1.269002871898313454e-04
1.267233831943788966e-04
1.275376428869397780e-04
1.297584046066428134e-04
1.338606537804783723e-04
1.388668861181940883e-04
1.375983144195439825e-04
1.327682245270504215e-04
1.629339009620404401e-04
1.714562628573427507e-04
1.269507447432260960e-04
1.279684329347219318e-04
1.276249968213960528e-04
1.236637423668677518e-04
1.050280273678557281e-04
9.560116935366143331e-05
