0	15	1
0	30	2
0	71	2
0	72	2
0	102	1
0	118	1
1	14	1
1	27	2
1	30	2
1	57	1
1	74	1
1	76	1
1	109	1
1	111	1
1	116	2
2	0	1
2	6	2
2	15	2
2	49	1
2	54	2
2	76	2
2	92	1
2	102	2
2	108	2
2	119	1
3	4	1
3	16	2
3	21	1
3	68	2
3	73	2
3	97	1
3	98	2
3	112	1
3	118	1
4	5	2
4	55	1
4	59	2
4	93	1
4	100	2
4	104	2
4	107	1
4	126	2
5	15	2
5	28	1
5	37	1
5	40	1
5	49	2
5	50	2
5	58	1
5	79	2
5	80	1
5	102	2
5	121	2
6	13	1
6	14	1
6	28	1
6	43	1
6	45	2
6	85	1
6	121	1
7	0	2
7	2	2
7	22	2
7	34	1
7	36	2
7	69	1
7	70	1
7	97	1
7	109	1
7	116	2
8	9	2
8	11	2
8	24	2
8	34	1
8	38	1
8	60	1
8	73	2
8	81	1
8	85	2
8	93	1
8	97	2
8	127	2
9	18	1
9	23	1
9	24	1
9	40	1
9	41	1
9	50	1
9	61	1
9	65	1
9	67	1
9	69	2
9	81	2
9	127	1
10	10	1
10	57	1
10	78	1
10	105	1
10	106	2
10	122	2
11	18	2
11	77	1
11	110	2
12	7	2
12	8	1
12	24	2
12	59	2
12	89	2
12	97	2
12	123	2
13	17	1
13	32	2
13	34	2
13	46	1
13	111	2
13	118	2
13	124	1
13	125	2
14	29	2
14	50	2
14	80	1
14	86	2
14	99	2
14	123	1
15	0	2
15	19	1
15	64	1
15	78	2
15	89	1
15	102	1
15	113	2
16	3	1
16	23	1
16	64	2
16	79	1
16	88	2
16	100	2
16	123	1
17	19	1
17	27	1
17	50	2
17	76	1
17	122	1
18	77	2
18	92	1
18	99	1
18	103	1
18	108	2
18	123	2
19	10	1
19	38	2
19	46	2
19	66	1
19	98	2
19	113	2
20	18	1
20	24	2
20	41	1
20	55	1
20	109	1
21	30	2
21	48	1
21	56	2
21	70	2
21	77	1
21	82	1
21	96	1
21	100	2
21	102	2
21	103	2
21	105	1
21	113	1
22	3	2
22	19	1
22	38	2
22	48	2
22	57	1
22	87	2
22	89	2
22	116	1
23	17	2
23	56	1
23	67	1
23	87	2
23	102	2
23	104	1
23	127	1
24	95	1
25	0	1
25	25	1
25	26	2
25	29	1
25	107	2
26	0	1
26	3	2
26	20	1
26	22	1
26	30	1
26	64	1
26	124	2
27	8	1
27	40	2
27	45	1
27	107	2
27	116	1
27	120	1
27	127	1
28	32	2
28	51	1
28	55	1
28	65	2
28	122	2
29	17	2
29	33	1
29	42	2
29	56	2
29	65	2
29	114	2
29	117	2
29	122	2
29	126	2
30	21	2
30	26	1
30	47	2
30	61	1
30	79	1
30	81	1
30	85	1
30	105	2
30	123	1
31	24	2
31	51	1
31	64	1
31	84	1
31	119	2
32	14	1
32	67	1
32	80	1
32	81	2
32	100	1
33	0	1
33	5	1
33	26	1
33	40	1
33	42	2
33	47	1
33	49	2
33	91	1
34	13	1
34	17	1
34	35	2
34	90	2
34	103	2
34	116	2
34	122	2
35	1	1
35	2	2
35	39	1
35	48	2
35	63	2
36	41	1
36	59	2
36	63	2
36	69	2
36	76	1
36	88	2
36	123	1
36	127	2
37	33	1
37	87	2
37	107	1
37	108	1
37	119	1
38	6	1
38	18	1
38	51	2
38	56	1
38	68	2
38	81	1
38	108	2
39	25	1
39	70	2
39	115	1
39	119	1
40	23	1
40	27	2
40	30	2
40	33	2
40	38	2
40	66	1
40	98	2
40	104	1
40	106	2
41	41	2
41	50	1
41	54	2
41	61	2
41	66	1
41	78	1
41	94	2
41	109	1
41	119	2
42	10	2
42	41	2
42	70	1
42	90	2
42	98	2
42	115	2
42	118	1
42	122	2
43	48	1
43	50	1
43	55	2
44	47	2
44	73	1
44	121	1
45	13	2
45	15	1
45	18	2
45	19	1
45	36	1
45	58	2
45	66	1
45	80	1
45	81	1
45	84	1
46	11	2
46	12	2
46	20	2
46	21	2
46	31	1
46	59	2
46	98	1
47	3	2
47	16	2
47	27	1
47	58	2
47	70	1
47	79	2
47	98	2
47	113	1
48	27	1
48	48	2
48	57	1
48	119	2
49	7	2
49	55	1
49	63	2
49	98	1
49	101	1
50	16	2
50	20	2
50	22	1
50	32	1
50	52	2
50	67	1
50	75	1
50	96	1
50	98	2
50	102	1
50	106	1
50	117	1
50	119	2
51	41	2
51	113	2
52	46	2
52	47	2
52	66	1
52	105	1
52	119	1
52	122	2
53	1	1
53	25	2
53	113	1
54	0	1
54	7	2
54	9	1
54	20	2
54	27	2
54	42	1
54	53	1
54	65	1
54	92	2
54	125	2
54	127	1
55	25	1
55	37	2
55	42	2
55	54	2
55	82	2
55	118	2
56	4	1
56	9	1
56	28	2
56	42	1
56	43	2
56	60	1
56	90	2
56	109	2
56	111	2
56	121	2
57	3	2
57	30	2
57	74	1
57	85	2
57	86	1
57	109	1
57	120	2
57	121	1
58	57	1
58	78	1
58	81	2
58	85	2
58	123	1
59	5	1
59	7	2
59	62	2
59	75	2
59	108	2
59	123	1
60	3	1
60	7	2
60	16	1
60	24	2
60	36	2
60	37	2
61	4	1
61	86	2
61	103	1
61	109	2
61	117	2
62	45	1
62	57	2
62	58	2
62	78	2
62	90	2
63	23	1
63	36	2
63	60	2
63	98	2
63	111	1
63	112	2
64	25	2
64	46	2
64	70	1
64	92	1
64	110	2
64	117	1
65	1	2
65	30	1
65	110	1
65	127	1
66	75	2
66	86	2
66	106	2
66	117	2
67	13	2
67	19	2
67	36	2
67	41	2
67	84	2
67	92	2
68	14	2
68	35	1
68	62	1
68	76	1
68	109	2
68	120	2
68	124	1
69	19	1
69	42	1
69	65	2
69	71	2
69	82	1
69	101	2
69	114	2
70	50	1
70	58	2
70	70	1
70	107	1
70	114	1
70	127	2
71	4	1
71	35	2
72	3	1
72	29	1
72	56	2
72	62	2
72	116	1
73	10	1
73	21	2
73	23	2
73	38	2
73	44	1
73	50	1
73	63	2
73	67	2
73	68	1
73	104	2
73	116	2
73	119	2
74	4	1
74	12	1
74	34	2
74	50	2
74	75	2
74	114	2
74	127	2
75	11	2
75	22	2
75	29	1
75	61	1
75	77	1
75	95	1
75	122	1
76	4	1
76	28	2
76	47	2
76	52	1
76	61	1
76	79	1
76	93	2
76	98	1
76	116	2
76	126	2
77	1	1
77	5	1
77	14	1
77	16	1
77	37	1
77	38	2
77	40	1
77	50	2
77	54	1
77	58	1
77	118	2
78	42	1
78	60	2
78	63	2
78	74	1
78	95	1
78	105	2
78	107	1
79	7	1
79	30	1
79	31	1
79	46	1
79	60	2
79	67	1
79	68	2
79	70	1
79	75	1
79	124	2
80	13	1
80	24	1
80	29	2
80	33	1
80	36	2
80	58	1
80	65	2
80	77	1
80	85	2
80	110	2
80	117	2
81	13	2
81	44	1
81	83	1
81	94	2
81	97	2
81	121	1
82	5	1
82	7	1
82	8	2
82	30	2
82	31	1
82	38	2
82	113	1
83	11	1
83	32	1
83	34	2
83	39	2
83	46	2
83	67	1
83	101	2
83	115	2
83	124	1
84	6	1
84	28	1
84	32	1
84	39	1
84	54	2
84	77	2
84	106	1
84	121	1
84	123	2
85	47	2
85	49	2
85	53	2
85	63	1
85	119	2
86	12	1
86	28	1
86	66	2
86	107	2
87	27	2
87	50	2
87	107	2
88	1	2
88	7	1
88	12	2
88	83	1
88	108	1
88	113	1
89	43	2
89	88	1
89	104	2
90	22	2
90	24	1
90	30	1
90	33	2
90	36	1
90	60	2
90	69	2
90	101	2
90	106	2
90	110	1
91	31	2
91	37	1
91	40	2
91	42	2
91	51	2
91	58	1
91	71	1
91	76	2
91	84	2
91	110	2
91	115	2
92	30	1
92	37	1
92	56	1
92	90	2
92	105	2
92	112	2
92	120	1
93	5	2
93	6	2
93	8	1
93	15	1
93	25	2
93	38	1
93	40	1
93	46	2
93	59	2
93	92	2
93	102	1
94	1	2
94	2	1
94	16	1
94	48	2
94	50	2
94	73	1
94	81	2
94	83	2
95	57	2
95	70	2
95	73	1
95	114	1
95	119	2
95	127	1
96	102	2
96	111	2
96	113	2
97	15	2
97	71	1
97	98	1
97	123	1
98	16	1
98	31	1
98	69	1
98	74	1
98	86	2
98	102	2
98	107	1
98	115	1
98	118	1
99	20	2
99	53	2
99	82	1
99	93	2
99	114	2
100	12	1
100	14	1
100	37	1
100	59	1
100	89	1
100	96	1
100	113	1
100	123	1
101	0	1
101	7	2
101	17	1
101	27	1
101	32	2
102	3	2
102	70	1
102	113	2
103	9	2
103	22	1
103	35	2
103	55	2
103	68	2
103	89	2
103	95	2
103	106	1
104	2	2
104	12	1
104	20	2
104	42	1
104	46	2
104	69	1
104	73	2
104	82	1
104	111	2
105	15	1
105	28	2
105	44	2
105	51	2
105	58	2
105	111	1
106	17	1
106	20	2
106	46	1
106	47	2
106	50	1
106	57	2
106	110	2
106	115	1
106	120	1
107	6	1
107	10	1
107	21	1
107	22	2
107	33	2
107	40	2
107	55	1
107	56	2
107	91	2
107	113	2
107	118	1
108	14	2
108	44	2
108	71	2
108	73	2
108	87	2
108	124	2
108	126	2
108	127	2
109	13	1
109	43	1
109	66	1
109	103	2
109	107	2
109	113	2
109	118	2
110	12	2
110	37	2
110	43	1
110	48	2
111	21	2
111	22	1
111	33	2
111	40	2
111	50	1
111	76	2
111	77	2
111	107	2
111	116	2
111	119	1
111	121	1
112	0	1
112	13	2
112	30	2
112	34	1
112	69	2
112	74	2
112	88	2
112	109	1
112	122	2
112	127	1
113	6	2
113	24	1
113	26	2
113	64	2
113	71	2
113	74	1
113	77	1
113	87	2
113	100	2
113	122	2
114	11	2
114	20	1
114	30	2
114	38	2
114	44	1
114	55	1
114	68	1
114	71	1
114	90	2
115	65	2
115	68	2
115	91	1
115	92	1
115	98	2
115	106	1
115	120	1
115	124	2
116	4	2
116	12	2
116	13	1
116	18	1
116	27	1
116	49	1
116	63	1
116	67	2
116	79	1
116	85	2
117	74	1
117	106	1
118	40	2
118	69	1
119	0	1
119	31	1
119	61	1
119	102	2
120	12	2
120	17	1
120	21	2
120	22	2
120	39	2
120	90	2
120	91	2
120	124	1
121	0	2
121	50	1
121	87	2
121	105	1
121	107	2
121	119	2
121	122	1
122	28	1
122	34	2
122	78	2
123	5	2
123	44	1
123	59	2
123	62	1
123	79	1
124	5	2
124	15	2
124	22	2
124	27	1
124	32	1
124	57	2
124	69	2
124	84	1
124	90	2
125	20	2
125	25	2
125	29	2
125	36	2
125	45	2
125	55	2
125	63	1
125	76	1
126	43	2
126	66	2
126	82	1
126	85	1
126	91	1
126	93	2
126	123	2
127	50	1
127	87	2
127	101	1
127	118	1
