0	21	2
0	53	2
0	81	1
0	92	1
0	101	1
0	123	2
1	28	1
1	29	1
1	30	2
1	32	1
1	46	2
1	73	1
1	79	1
1	92	1
1	114	2
2	37	1
2	38	2
2	57	2
2	59	2
2	68	1
2	73	2
2	84	2
2	108	2
2	124	1
2	127	1
3	0	1
3	13	2
3	22	2
3	33	2
3	57	2
3	97	1
3	102	1
3	116	1
3	118	1
4	20	2
4	37	2
4	58	1
4	70	2
4	76	2
4	90	2
4	106	1
4	125	1
5	15	1
5	16	2
5	18	2
5	22	2
5	38	2
5	48	1
5	55	2
5	69	1
5	101	2
5	106	1
5	109	1
6	12	1
6	28	1
6	56	1
6	75	2
6	86	1
6	110	1
6	112	1
7	1	2
7	6	2
7	19	1
7	57	1
7	84	2
7	105	1
7	115	1
7	117	1
7	118	2
7	122	2
8	9	2
8	13	2
8	24	2
8	56	2
8	57	2
8	65	1
8	83	1
8	85	1
8	103	1
8	106	2
8	111	2
8	127	1
9	13	1
9	27	1
9	32	1
9	43	1
9	45	1
9	55	2
9	90	1
9	93	1
9	97	1
9	106	2
9	123	1
9	124	1
10	48	2
10	49	2
10	63	1
10	78	1
10	97	1
10	116	1
11	5	2
11	28	1
11	74	2
12	3	2
12	11	2
12	14	2
12	39	2
12	46	2
12	102	2
12	127	1
13	0	2
13	24	1
13	48	2
13	77	2
13	90	1
13	95	1
13	113	2
13	116	2
14	0	2
14	38	2
14	40	2
14	61	2
14	93	1
14	98	1
15	26	2
15	33	2
15	36	2
15	39	1
15	68	1
15	78	1
15	103	1
16	5	2
16	19	2
16	50	1
16	58	1
16	62	2
16	121	1
16	123	1
17	56	1
17	76	1
17	89	1
17	108	1
17	122	2
18	19	2
18	55	1
18	66	1
18	78	1
18	82	2
18	123	2
19	7	2
19	27	1
19	34	1
19	69	2
19	105	2
19	121	2
20	41	1
20	42	1
20	102	1
20	109	2
20	113	1
21	0	2
21	7	1
21	9	1
21	15	2
21	50	1
21	61	1
21	68	2
21	70	1
21	85	2
21	104	1
21	107	2
21	126	2
22	15	2
22	29	1
22	48	2
22	50	2
22	65	1
22	68	2
22	91	2
22	107	1
23	17	1
23	41	1
23	51	1
23	67	2
23	81	2
23	120	1
23	127	2
24	121	1
25	4	1
25	100	1
25	105	1
25	120	2
25	122	2
26	4	1
26	12	1
26	28	1
26	42	2
26	71	1
26	113	2
26	116	1
27	25	1
27	79	2
27	88	1
27	102	2
27	108	1
27	112	1
27	118	1
28	1	1
28	17	2
28	20	2
28	55	1
28	116	2
29	12	2
29	27	1
29	30	2
29	36	2
29	46	2
29	65	2
29	110	2
29	113	2
29	123	2
30	12	1
30	17	1
30	24	2
30	47	2
30	60	1
30	76	1
30	92	2
30	101	1
30	105	1
31	2	1
31	50	2
31	81	2
31	98	1
31	115	1
32	10	2
32	13	1
32	35	1
32	62	1
32	102	1
33	0	2
33	15	1
33	40	2
33	46	1
33	49	1
33	55	1
33	59	1
33	81	1
34	55	1
34	56	2
34	65	2
34	114	1
34	117	2
34	119	2
34	121	2
35	23	2
35	34	2
35	44	1
35	50	1
35	127	2
36	5	2
36	9	1
36	17	2
36	27	2
36	28	1
36	34	2
36	73	2
36	74	1
37	6	1
37	71	1
37	90	1
37	107	2
37	116	1
38	10	2
38	32	1
38	42	2
38	50	1
38	58	1
38	99	1
38	113	2
39	50	1
39	66	1
39	86	2
39	123	1
40	7	2
40	11	2
40	14	1
40	77	2
40	85	1
40	87	2
40	107	2
40	118	1
40	119	2
41	7	2
41	14	2
41	39	2
41	80	2
41	96	1
41	103	2
41	106	1
41	122	1
41	124	1
42	0	2
42	4	2
42	21	2
42	33	2
42	47	1
42	51	2
42	99	2
42	122	1
43	59	1
43	110	1
43	121	2
44	57	1
44	118	2
44	119	1
45	7	2
45	26	2
45	35	1
45	59	2
45	63	1
45	64	1
45	77	1
45	98	1
45	104	1
45	114	1
46	38	2
46	40	1
46	42	1
46	45	2
46	58	2
46	64	2
46	119	2
47	6	2
47	18	2
47	33	2
47	75	1
47	79	2
47	89	2
47	101	1
47	111	1
48	0	1
48	30	1
48	84	2
48	109	2
49	0	1
49	28	1
49	80	2
49	117	2
49	120	1
50	3	1
50	15	2
50	19	1
50	21	1
50	30	1
50	37	1
50	44	1
50	54	2
50	84	2
50	88	1
50	90	2
50	98	2
50	126	1
51	45	2
51	77	2
52	0	2
52	33	1
52	46	2
52	59	1
52	67	1
52	122	2
53	58	1
53	69	2
53	127	1
54	14	2
54	15	1
54	20	1
54	29	2
54	30	2
54	33	2
54	51	1
54	85	1
54	90	1
54	97	1
54	100	2
55	23	1
55	40	2
55	63	2
55	70	2
55	81	2
55	127	2
56	8	1
56	16	2
56	29	1
56	30	1
56	48	1
56	77	2
56	86	2
56	93	2
56	100	2
56	109	2
57	5	1
57	11	2
57	16	2
57	21	1
57	24	1
57	66	2
57	77	1
57	127	2
58	70	1
58	85	2
58	105	1
58	107	1
58	113	2
59	3	1
59	40	2
59	43	2
59	67	2
59	87	2
59	89	1
60	46	1
60	74	2
60	88	2
60	102	2
60	110	1
60	115	2
61	61	2
61	67	2
61	87	2
61	98	1
61	118	1
62	60	2
62	63	1
62	83	2
62	92	2
62	98	2
63	4	1
63	30	2
63	67	2
63	75	2
63	87	1
63	117	2
64	7	2
64	26	1
64	63	2
64	91	1
64	119	1
64	122	2
65	20	1
65	42	2
65	58	1
65	65	1
66	5	2
66	6	2
66	30	2
66	101	2
67	35	2
67	36	2
67	38	2
67	55	2
67	59	2
67	82	2
68	38	1
68	66	1
68	71	2
68	74	2
68	103	1
68	113	2
68	124	1
69	12	1
69	53	2
69	54	1
69	74	1
69	88	2
69	92	2
69	111	2
70	48	1
70	61	2
70	69	1
70	76	1
70	81	2
70	95	1
71	22	2
71	24	1
72	27	1
72	34	1
72	72	2
72	91	1
72	108	2
73	3	2
73	22	2
73	37	2
73	38	2
73	68	1
73	75	2
73	89	2
73	90	2
73	107	1
73	115	1
73	121	1
73	122	2
74	64	1
74	76	1
74	87	2
74	106	2
74	118	2
74	123	2
74	127	2
75	50	1
75	54	1
75	87	2
75	93	1
75	107	2
75	109	1
75	127	1
76	2	2
76	8	2
76	43	1
76	64	1
76	69	2
76	70	1
76	86	2
76	98	1
76	113	1
76	124	2
77	12	1
77	27	1
77	46	2
77	70	1
77	100	1
77	107	1
77	114	2
77	118	1
77	119	1
77	122	2
77	126	1
78	23	2
78	25	1
78	50	1
78	69	1
78	76	2
78	102	2
78	110	1
79	4	2
79	25	1
79	30	1
79	44	1
79	60	1
79	94	1
79	98	1
79	114	2
79	119	1
79	123	2
80	5	1
80	21	2
80	22	2
80	23	1
80	32	1
80	40	2
80	44	1
80	63	2
80	84	2
80	109	2
80	126	1
81	10	1
81	13	2
81	44	1
81	49	2
81	52	2
81	117	1
82	16	1
82	37	2
82	41	2
82	42	2
82	58	1
82	71	1
82	109	1
83	15	2
83	16	2
83	19	2
83	29	2
83	36	2
83	97	1
83	98	1
83	122	1
83	127	1
84	10	1
84	20	1
84	41	1
84	44	2
84	73	1
84	74	1
84	78	1
84	86	2
84	115	2
85	0	1
85	55	2
85	78	2
85	98	2
85	119	2
86	18	1
86	69	1
86	103	2
86	109	2
87	82	2
87	92	2
87	98	2
88	27	2
88	30	1
88	34	1
88	38	1
88	45	2
88	119	1
89	0	1
89	66	2
89	125	2
90	1	2
90	3	1
90	37	1
90	42	2
90	52	2
90	54	1
90	62	2
90	68	2
90	105	1
90	123	2
91	5	2
91	13	1
91	25	1
91	30	2
91	37	2
91	40	1
91	41	2
91	43	2
91	47	2
91	117	2
91	124	2
92	7	1
92	12	2
92	51	1
92	80	1
92	85	2
92	98	1
92	118	2
93	9	2
93	10	2
93	12	1
93	17	1
93	24	2
93	30	1
93	38	2
93	53	2
93	90	1
93	113	2
93	122	1
94	13	1
94	47	2
94	50	2
94	56	2
94	57	1
94	58	2
94	87	1
94	111	2
95	3	2
95	20	2
95	24	1
95	25	2
95	57	1
95	111	1
96	63	2
96	91	2
96	116	2
97	27	2
97	31	1
97	35	1
97	50	1
98	24	1
98	36	2
98	43	1
98	50	1
98	77	1
98	95	1
98	96	2
98	104	1
98	116	1
99	1	2
99	21	1
99	27	2
99	61	2
99	85	2
100	16	1
100	58	1
100	74	1
100	82	1
100	83	1
100	107	1
100	118	1
100	120	1
101	6	1
101	31	1
101	68	2
101	70	2
101	113	1
102	26	2
102	79	1
102	82	2
103	4	1
103	22	2
103	69	2
103	70	2
103	71	1
103	79	2
103	82	2
103	100	2
104	12	2
104	41	2
104	60	2
104	67	1
104	89	2
104	105	2
104	109	1
104	112	1
104	123	1
105	8	1
105	14	2
105	34	2
105	39	2
105	40	2
105	119	1
106	7	1
106	8	2
106	28	1
106	46	2
106	54	1
106	70	2
106	79	1
106	113	2
106	124	1
107	4	2
107	11	1
107	13	2
107	17	2
107	20	2
107	22	1
107	47	2
107	60	2
107	73	1
107	102	1
107	115	1
108	1	2
108	11	2
108	14	2
108	47	2
108	50	2
108	71	2
108	107	2
108	111	2
109	27	2
109	32	2
109	66	2
109	106	1
109	108	2
109	111	1
109	121	1
110	20	1
110	31	2
110	42	2
110	65	2
111	3	2
111	23	2
111	47	2
111	65	2
111	66	2
111	67	1
111	73	1
111	92	2
111	93	2
111	106	1
111	107	1
112	1	2
112	3	2
112	28	2
112	30	1
112	40	1
112	43	1
112	50	2
112	66	2
112	75	2
112	124	1
113	2	2
113	13	2
113	18	1
113	20	2
113	21	2
113	22	1
113	31	1
113	50	2
113	80	2
113	102	2
114	18	2
114	34	1
114	60	2
114	63	1
114	71	1
114	79	2
114	110	1
114	114	1
114	123	2
115	22	2
115	31	1
115	32	1
115	67	2
115	69	1
115	70	2
115	81	2
115	95	1
116	5	2
116	22	2
116	33	1
116	36	1
116	56	1
116	59	1
116	62	2
116	77	2
116	104	1
116	121	1
117	57	1
117	85	1
118	2	2
118	17	1
119	15	1
119	25	1
119	78	1
119	81	2
120	24	2
120	25	1
120	32	2
120	41	2
120	50	2
120	64	2
120	91	1
120	123	2
121	76	2
121	96	2
121	104	1
121	108	2
121	116	1
121	119	1
121	127	2
122	6	1
122	36	2
122	119	2
123	7	2
123	31	1
123	55	2
123	76	1
123	113	1
124	14	2
124	37	1
124	46	2
124	49	2
124	57	1
124	94	2
124	102	1
124	107	2
124	120	2
125	16	2
125	19	1
125	36	1
125	40	2
125	42	2
125	102	2
125	106	2
125	120	2
126	18	2
126	29	2
126	49	2
126	61	1
126	110	1
126	113	2
126	119	1
127	48	1
127	51	1
127	56	1
127	73	2
