0	3	1
0	43	1
0	44	2
0	57	2
0	64	1
0	102	2
1	6	1
1	21	2
1	26	2
1	27	1
1	43	2
1	66	1
1	98	1
1	103	1
1	114	1
2	0	2
2	1	1
2	12	2
2	42	2
2	44	1
2	49	1
2	69	1
2	96	2
2	112	2
2	116	2
3	17	1
3	19	2
3	30	2
3	41	1
3	47	1
3	62	2
3	80	2
3	118	1
3	123	1
4	3	2
4	9	2
4	15	2
4	17	2
4	42	2
4	48	1
4	93	1
4	107	1
5	0	2
5	4	2
5	18	2
5	21	2
5	36	2
5	45	2
5	100	1
5	102	1
5	108	1
5	110	1
5	116	1
6	4	1
6	43	2
6	77	1
6	102	1
6	107	1
6	120	1
6	123	1
7	6	1
7	37	2
7	46	2
7	55	1
7	69	1
7	91	2
7	92	1
7	95	2
7	104	2
7	108	1
8	6	2
8	7	2
8	9	2
8	16	2
8	18	1
8	34	2
8	50	1
8	85	1
8	90	1
8	92	1
8	119	2
8	122	2
9	14	2
9	16	1
9	20	1
9	21	1
9	24	1
9	42	1
9	57	1
9	61	2
9	88	1
9	105	1
9	109	1
9	127	1
10	20	1
10	22	2
10	47	1
10	90	1
10	103	2
10	112	1
11	20	2
11	30	1
11	109	2
12	31	2
12	37	2
12	44	2
12	70	2
12	88	2
12	119	2
12	124	1
13	5	2
13	8	1
13	25	1
13	28	2
13	29	2
13	55	1
13	63	2
13	80	2
14	13	2
14	34	2
14	48	1
14	58	2
14	69	2
14	80	1
15	19	1
15	30	1
15	36	2
15	56	2
15	74	1
15	106	1
15	111	2
16	9	1
16	17	1
16	41	1
16	58	2
16	98	2
16	113	2
16	126	1
17	0	1
17	40	1
17	63	1
17	68	1
17	113	2
18	15	2
18	25	2
18	36	1
18	110	2
18	118	1
18	119	1
19	1	1
19	37	1
19	86	2
19	95	2
19	101	2
19	107	2
20	3	1
20	24	1
20	35	1
20	40	2
20	106	1
21	0	1
21	5	2
21	12	2
21	21	1
21	50	2
21	57	1
21	62	2
21	85	2
21	90	1
21	100	1
21	108	2
21	109	1
22	20	2
22	29	2
22	34	1
22	56	2
22	62	1
22	67	1
22	69	2
22	109	2
23	20	1
23	28	2
23	46	1
23	57	1
23	58	1
23	85	2
23	114	2
24	65	1
25	15	1
25	50	2
25	79	1
25	86	1
25	101	2
26	4	1
26	10	2
26	50	2
26	59	1
26	67	1
26	70	1
26	115	1
27	12	1
27	23	1
27	38	2
27	56	1
27	57	1
27	67	2
27	124	1
28	32	1
28	47	2
28	57	2
28	77	2
28	122	1
29	8	2
29	11	2
29	19	2
29	25	2
29	27	1
29	30	2
29	32	2
29	98	2
29	127	2
30	6	1
30	7	1
30	55	1
30	77	2
30	82	1
30	93	1
30	110	1
30	122	2
30	124	2
31	21	2
31	30	1
31	38	1
31	40	1
31	97	2
32	0	1
32	31	1
32	73	1
32	81	1
32	127	2
33	7	1
33	50	2
33	85	1
33	88	2
33	109	1
33	115	1
33	120	1
33	123	1
34	30	2
34	44	1
34	46	2
34	78	2
34	111	2
34	118	1
34	119	2
35	48	2
35	61	2
35	65	2
35	114	1
35	117	1
36	19	1
36	44	2
36	74	2
36	75	1
36	81	1
36	104	2
36	107	2
36	124	2
37	11	1
37	38	1
37	46	1
37	68	1
37	101	2
38	2	2
38	42	1
38	51	1
38	76	1
38	106	2
38	108	2
38	114	1
39	15	1
39	67	1
39	79	1
39	92	2
40	11	1
40	16	2
40	24	2
40	33	2
40	89	1
40	91	1
40	102	2
40	107	2
40	113	2
41	5	1
41	23	2
41	56	2
41	60	2
41	69	2
41	81	1
41	98	2
41	122	1
41	123	1
42	4	2
42	74	2
42	98	1
42	103	2
42	106	2
42	119	2
42	123	2
42	126	1
43	72	1
43	81	2
43	119	1
44	40	1
44	113	2
44	124	1
45	0	1
45	40	1
45	50	1
45	86	1
45	95	2
45	98	1
45	106	2
45	107	1
45	111	1
45	113	2
46	15	2
46	27	1
46	28	2
46	51	2
46	71	2
46	87	2
46	98	1
47	5	2
47	18	1
47	19	2
47	24	2
47	37	2
47	55	1
47	89	2
47	99	1
48	31	1
48	33	2
48	42	1
48	79	2
49	1	1
49	18	2
49	40	2
49	67	1
49	127	1
50	3	1
50	4	2
50	16	1
50	22	2
50	65	2
50	86	1
50	87	2
50	105	1
50	109	1
50	111	1
50	118	1
50	121	1
50	122	2
51	19	2
51	76	2
52	13	1
52	23	1
52	27	2
52	46	1
52	50	2
52	117	2
53	58	2
53	110	1
53	115	1
54	4	2
54	12	2
54	22	1
54	38	2
54	55	1
54	93	2
54	94	1
54	105	1
54	107	1
54	119	1
54	121	2
55	24	2
55	50	2
55	70	2
55	102	2
55	108	1
55	116	2
56	2	1
56	3	1
56	13	2
56	18	2
56	30	2
56	36	1
56	47	2
56	53	2
56	62	1
56	89	2
57	10	2
57	13	2
57	26	2
57	30	1
57	54	1
57	58	1
57	118	1
57	122	2
58	7	1
58	26	2
58	30	1
58	74	1
58	101	2
59	0	1
59	14	2
59	42	2
59	50	2
59	71	1
59	85	2
60	32	1
60	71	1
60	73	2
60	77	2
60	78	2
60	124	2
61	47	1
61	50	1
61	63	2
61	66	2
61	98	2
62	22	2
62	28	2
62	47	2
62	59	2
62	76	1
63	0	2
63	2	2
63	5	2
63	56	1
63	81	1
63	122	2
64	27	2
64	32	1
64	52	1
64	63	2
64	92	1
64	109	2
65	79	1
65	90	1
65	117	2
65	123	1
66	6	2
66	43	2
66	59	2
66	66	2
67	10	2
67	29	2
67	47	2
67	79	2
67	81	2
67	87	2
68	55	2
68	59	2
68	76	2
68	80	1
68	87	1
68	97	1
68	106	1
69	5	2
69	12	1
69	13	1
69	44	2
69	55	1
69	59	2
69	102	2
70	22	1
70	45	1
70	49	2
70	91	2
70	111	1
70	119	1
71	14	2
71	95	1
72	0	2
72	15	1
72	28	1
72	54	1
72	64	2
73	1	2
73	3	1
73	6	2
73	27	2
73	35	2
73	48	2
73	79	1
73	82	1
73	85	2
73	98	2
73	106	1
73	114	2
74	24	2
74	31	2
74	73	2
74	90	1
74	96	1
74	107	2
74	116	2
75	16	2
75	22	1
75	33	1
75	59	2
75	60	1
75	88	1
75	113	1
76	11	1
76	12	2
76	16	1
76	17	1
76	37	1
76	70	2
76	73	2
76	104	2
76	113	2
76	127	1
77	14	2
77	22	1
77	33	1
77	45	1
77	46	2
77	50	2
77	63	1
77	69	1
77	83	1
77	105	1
77	127	1
78	14	2
78	20	1
78	26	1
78	33	1
78	48	2
78	107	1
78	118	2
79	18	1
79	20	1
79	28	1
79	41	2
79	54	1
79	81	1
79	84	1
79	107	2
79	117	2
79	127	1
80	21	2
80	36	2
80	39	2
80	50	1
80	52	1
80	55	2
80	56	2
80	67	2
80	75	1
80	113	1
80	121	1
81	13	1
81	50	1
81	74	2
81	82	2
81	118	1
81	127	2
82	13	2
82	27	2
82	67	1
82	87	2
82	90	1
82	121	1
82	123	1
83	5	2
83	8	1
83	17	1
83	24	2
83	58	1
83	63	1
83	64	2
83	113	2
83	117	2
84	3	2
84	31	1
84	32	1
84	34	1
84	35	2
84	51	1
84	67	1
84	84	1
84	119	2
85	12	2
85	27	2
85	58	2
85	59	1
85	71	2
86	34	1
86	50	1
86	57	2
86	123	2
87	36	2
87	40	2
87	70	2
88	1	1
88	25	2
88	32	1
88	41	1
88	46	1
88	107	2
89	38	2
89	60	2
89	119	1
90	27	2
90	49	2
90	64	1
90	66	2
90	70	1
90	77	2
90	102	1
90	109	2
90	124	1
90	127	2
91	1	2
91	20	2
91	29	1
91	54	2
91	60	1
91	70	2
91	75	1
91	76	2
91	84	2
91	97	2
91	99	2
92	0	2
92	2	1
92	17	2
92	20	1
92	42	1
92	61	2
92	126	1
93	15	2
93	24	2
93	39	1
93	48	1
93	57	2
93	60	2
93	65	2
93	73	1
93	90	2
93	96	1
93	114	1
94	9	2
94	12	2
94	24	2
94	27	2
94	43	1
94	54	1
94	68	1
94	78	2
95	35	2
95	43	1
95	76	1
95	77	2
95	123	1
95	127	2
96	36	2
96	37	2
96	127	2
97	14	1
97	61	1
97	110	1
97	123	2
98	5	1
98	30	1
98	42	1
98	82	1
98	86	1
98	103	1
98	115	1
98	120	2
98	121	2
99	28	1
99	37	2
99	60	2
99	70	2
99	75	2
100	7	1
100	65	1
100	71	1
100	79	1
100	98	1
100	108	1
100	110	1
100	126	1
101	38	2
101	69	1
101	111	1
101	113	1
101	116	2
102	64	2
102	105	1
102	119	2
103	7	2
103	22	2
103	25	2
103	70	2
103	73	2
103	74	1
103	112	2
103	115	1
104	31	2
104	49	2
104	83	1
104	92	1
104	106	2
104	113	2
104	118	1
104	121	1
104	127	2
105	33	1
105	40	2
105	41	1
105	50	2
105	53	2
105	106	2
106	3	1
106	12	2
106	41	1
106	56	2
106	78	1
106	105	2
106	107	1
106	113	2
106	123	1
107	13	1
107	29	2
107	66	1
107	78	1
107	89	2
107	90	2
107	97	2
107	102	2
107	119	1
107	120	1
107	125	2
108	11	2
108	30	2
108	37	2
108	42	2
108	55	2
108	57	2
108	66	2
108	75	2
109	30	2
109	34	1
109	41	2
109	68	2
109	76	1
109	81	2
109	117	1
110	7	1
110	85	2
110	101	2
110	103	2
111	13	1
111	15	1
111	36	1
111	63	2
111	68	2
111	98	2
111	115	1
111	116	2
111	118	2
111	121	2
111	124	2
112	8	2
112	25	2
112	49	2
112	70	1
112	71	1
112	73	1
112	82	2
112	84	2
112	93	2
112	100	1
113	28	1
113	40	2
113	51	2
113	69	1
113	85	1
113	87	2
113	98	2
113	100	2
113	116	2
113	118	2
114	4	1
114	38	2
114	46	1
114	48	2
114	61	2
114	68	2
114	76	1
114	77	1
114	102	1
115	33	1
115	63	2
115	74	1
115	82	1
115	87	2
115	92	2
115	102	2
115	122	1
116	7	1
116	10	1
116	22	1
116	23	2
116	46	2
116	50	2
116	68	1
116	104	1
116	105	1
116	120	2
117	0	1
117	94	1
118	71	1
118	122	2
119	7	1
119	38	2
119	93	1
119	122	1
120	14	2
120	21	2
120	32	1
120	51	1
120	91	2
120	97	2
120	100	2
120	116	2
121	39	2
121	40	2
121	61	1
121	65	2
121	91	2
121	92	1
121	116	1
122	45	2
122	58	2
122	65	1
123	22	1
123	34	1
123	111	2
123	119	2
123	120	1
124	10	2
124	17	1
124	23	2
124	69	1
124	83	2
124	102	2
124	110	2
124	123	2
124	125	1
125	16	2
125	29	1
125	39	1
125	53	2
125	66	2
125	84	2
125	104	2
125	121	2
126	30	2
126	38	1
126	77	1
126	89	2
126	109	2
126	113	2
126	122	1
127	25	1
127	58	2
127	66	1
127	78	1
