0	34	2
0	44	1
0	56	2
0	67	1
0	84	2
0	90	2
0	118	2
0	124	2
0	129	2
0	135	1
1	31	2
1	56	2
1	63	2
1	72	2
1	81	2
1	85	2
2	28	1
2	43	1
2	65	2
2	128	1
2	143	1
2	146	2
3	20	1
3	23	1
3	68	2
3	81	2
3	109	2
3	133	2
4	23	1
4	37	1
4	47	1
4	51	1
4	69	1
4	70	1
4	86	1
4	91	2
4	105	2
4	125	1
4	132	2
5	2	2
5	65	1
5	84	2
5	101	1
5	118	1
5	135	2
6	12	1
6	55	2
6	78	1
6	94	1
6	107	1
6	125	1
7	1	1
7	38	1
7	67	1
7	88	2
7	106	1
7	141	1
8	48	2
8	54	2
8	75	2
8	77	1
9	10	1
9	22	2
9	30	2
9	43	2
9	45	2
9	49	2
9	81	2
9	93	2
9	97	1
9	133	1
9	136	1
10	7	2
10	106	1
10	115	2
10	130	2
11	8	2
11	33	2
11	35	2
11	41	2
11	46	1
11	78	2
11	115	1
11	116	2
12	6	1
12	15	1
12	22	1
12	61	1
12	101	1
13	0	2
13	63	2
13	74	2
13	81	2
13	94	2
13	143	2
14	6	2
14	57	2
14	81	1
14	106	2
14	149	2
15	2	1
15	51	1
15	102	2
15	107	2
15	121	2
16	10	2
16	17	2
16	29	1
16	33	2
16	44	2
16	62	2
16	115	1
16	137	1
16	146	2
17	4	2
17	46	1
17	120	2
18	37	1
18	39	1
18	50	1
18	113	2
18	129	2
19	32	1
19	53	2
19	56	1
19	73	1
19	74	2
19	125	2
19	147	2
20	22	2
20	43	2
20	55	2
20	58	1
20	59	1
20	75	1
20	76	2
20	86	1
20	89	1
20	100	1
20	101	2
21	38	2
21	45	2
21	62	2
21	89	1
21	102	2
21	108	2
21	122	1
21	146	1
22	21	1
22	28	2
22	36	1
22	62	2
22	68	1
22	107	2
23	17	2
23	44	1
23	48	1
23	94	2
23	102	2
23	108	2
23	119	1
23	124	2
23	136	2
24	1	1
24	7	1
24	10	2
24	36	1
24	50	1
24	63	2
24	68	2
24	70	1
24	90	1
24	97	1
24	134	2
24	143	2
25	40	1
25	52	1
25	64	1
25	68	2
25	84	1
25	107	2
25	130	1
25	149	2
26	20	2
26	44	1
26	67	2
26	75	2
26	85	1
26	109	1
26	111	2
26	142	1
27	22	2
27	55	1
27	66	1
27	85	1
27	109	2
27	112	2
27	135	2
28	11	2
28	43	1
28	78	1
28	85	2
28	87	1
28	116	2
28	123	2
28	126	1
28	136	1
29	22	1
29	38	1
29	51	2
29	88	1
29	102	2
29	112	1
29	115	1
29	116	1
29	120	1
30	22	1
30	31	1
30	32	2
30	47	1
30	81	1
30	85	1
30	95	2
30	140	2
31	9	2
31	10	2
31	28	1
31	87	1
32	16	2
32	26	1
32	32	2
32	101	2
32	112	2
33	53	1
33	56	2
33	83	2
33	95	1
33	111	2
33	125	1
34	3	2
34	18	1
34	71	2
34	88	2
34	105	1
34	112	2
34	130	1
34	134	2
35	27	2
35	82	2
35	98	1
35	133	1
35	147	2
36	4	1
36	6	1
36	21	2
36	42	1
36	45	2
36	81	2
36	126	2
37	0	1
37	7	1
37	8	1
37	18	2
37	30	2
37	66	2
37	95	1
37	97	2
37	104	1
37	128	1
37	143	2
38	0	1
38	33	2
38	54	2
38	56	2
38	57	2
38	86	1
38	93	1
38	105	2
38	117	2
39	75	1
39	118	2
39	129	2
40	20	2
40	71	1
40	97	2
40	111	1
40	114	1
41	55	1
41	57	2
41	58	2
41	62	2
41	73	2
41	77	2
41	90	1
41	97	2
41	114	1
42	6	2
42	19	2
42	34	2
42	39	2
42	129	2
42	139	2
43	13	1
43	34	2
43	35	2
43	56	2
43	74	2
43	85	2
43	97	1
43	127	1
44	3	2
44	26	1
44	39	2
44	54	2
44	55	1
44	60	2
44	62	1
44	85	1
44	90	2
44	105	1
44	113	1
44	140	1
45	11	1
45	34	2
45	80	2
45	96	1
45	104	2
45	114	2
45	116	2
46	6	2
46	34	2
46	49	2
46	73	2
46	98	1
46	105	2
46	127	1
46	136	1
47	24	2
47	38	2
47	45	2
47	62	1
47	106	2
47	125	1
48	6	2
48	21	2
48	39	2
48	46	1
48	63	1
48	71	2
48	80	1
48	96	2
48	103	2
48	119	1
48	124	2
49	43	1
49	71	2
49	73	1
49	75	1
49	92	2
49	101	1
49	107	2
50	17	1
50	76	1
50	77	2
50	84	1
50	126	2
50	143	1
51	0	1
51	27	2
51	78	2
51	130	1
52	10	1
52	51	1
52	55	2
52	92	1
52	140	2
52	149	1
53	25	1
53	31	1
53	40	1
53	56	2
53	77	1
53	89	2
53	90	1
53	112	2
53	123	2
53	131	2
53	141	1
53	149	1
54	38	2
54	51	1
54	76	2
54	107	1
54	143	2
54	144	2
55	42	1
55	76	1
55	98	2
55	131	2
56	31	1
56	64	1
56	105	1
56	115	1
56	122	2
56	123	1
57	12	1
57	75	1
57	107	1
57	112	2
57	114	2
57	134	2
57	146	1
58	6	1
58	47	2
58	56	1
58	61	2
58	82	1
59	50	2
59	54	1
59	79	2
59	122	1
59	132	2
60	2	1
60	6	1
60	21	1
60	78	2
60	90	1
60	129	2
60	143	2
60	149	2
61	10	1
61	12	1
61	42	2
61	108	2
61	116	2
61	131	2
61	136	1
62	1	1
62	55	2
62	59	1
62	64	2
62	65	1
62	66	1
62	93	1
62	108	1
62	141	2
63	24	2
63	40	1
63	55	1
63	67	2
63	73	1
63	78	2
63	82	1
63	94	1
63	100	1
63	109	1
63	132	2
63	143	1
64	28	2
64	42	2
64	113	1
64	125	1
64	146	2
65	3	2
65	13	2
65	35	2
65	48	2
65	49	1
65	50	1
65	82	1
65	85	2
65	92	2
65	117	1
65	133	2
66	13	2
66	40	2
66	79	1
66	88	1
66	90	2
66	92	1
66	97	2
66	114	2
66	116	2
66	135	2
66	146	1
67	5	1
67	17	2
67	28	2
67	30	2
67	37	1
67	40	2
67	46	1
67	59	1
67	123	2
67	125	2
67	128	1
67	148	2
68	28	2
68	35	2
68	64	2
68	81	1
68	114	1
68	137	1
69	20	1
69	24	1
69	33	1
69	46	2
69	48	2
69	53	1
69	58	1
69	84	1
69	96	1
69	101	2
69	107	2
69	117	2
70	5	2
70	38	2
70	68	2
70	134	2
70	148	2
71	29	2
71	75	2
71	90	2
71	108	2
71	139	2
71	147	1
72	4	1
72	8	2
72	12	1
72	46	2
72	80	2
72	81	2
72	90	1
72	91	2
72	118	2
72	121	1
72	129	2
72	140	1
73	47	1
73	52	1
73	68	2
73	71	2
73	78	2
73	83	2
73	85	1
73	94	1
73	98	2
73	114	2
73	116	2
74	22	1
74	28	2
74	36	1
74	45	1
74	47	1
74	128	2
75	39	2
75	42	1
75	56	2
75	63	1
75	89	1
75	99	1
75	137	2
75	141	2
76	10	2
76	34	1
76	58	2
76	95	1
76	124	1
76	125	2
76	133	2
77	13	2
77	16	1
77	23	2
77	69	2
77	84	2
77	105	2
77	136	2
78	67	1
78	101	2
78	143	2
78	145	2
79	5	2
79	13	2
79	71	1
79	86	2
79	87	2
79	95	2
79	112	1
79	149	1
80	120	2
80	128	2
81	4	2
81	19	1
81	52	1
81	62	2
81	72	2
81	76	2
81	84	1
81	101	2
81	104	2
82	44	1
82	54	2
82	55	1
82	61	2
82	109	1
83	41	2
83	65	1
83	114	2
83	129	1
83	133	2
83	140	1
83	149	2
84	19	1
84	22	1
84	28	1
84	46	1
84	71	1
84	83	2
84	125	2
84	130	1
84	134	2
84	142	2
85	16	2
85	19	2
85	53	1
85	67	2
85	81	1
85	97	2
85	108	1
85	117	2
85	131	2
86	0	1
86	72	1
86	78	2
86	85	1
86	91	2
86	98	1
86	108	1
86	109	2
86	116	1
86	119	2
86	126	1
87	2	2
87	11	2
87	15	2
87	32	1
87	33	2
87	35	1
87	71	2
87	82	2
87	84	2
87	88	2
87	102	2
87	113	1
87	133	2
88	6	2
88	23	1
88	31	2
88	45	1
88	47	2
88	102	2
88	103	1
88	130	2
88	133	1
88	141	2
89	0	1
89	2	1
89	24	1
89	30	2
89	35	1
89	45	2
89	82	2
89	101	2
90	3	1
90	31	2
90	45	2
90	56	2
90	70	1
90	108	1
90	111	2
90	137	1
91	12	2
91	27	2
91	31	1
91	51	1
91	57	2
91	61	2
91	90	2
91	96	1
91	98	2
92	1	2
92	7	2
92	23	2
92	25	2
92	57	2
92	80	2
92	116	2
92	137	1
92	140	2
92	148	2
93	74	2
93	80	2
93	95	2
93	98	2
93	126	1
93	129	1
93	130	2
94	84	2
94	108	1
94	132	1
95	0	2
95	13	1
95	14	1
95	34	2
95	58	2
95	64	2
95	89	1
95	103	1
95	128	1
96	13	1
96	23	2
96	33	2
96	60	2
96	72	2
96	76	2
96	84	1
96	88	2
96	126	1
96	132	1
97	23	1
97	110	1
97	118	1
97	120	2
97	121	2
97	144	1
98	23	2
98	38	1
98	92	2
98	95	1
98	130	1
98	141	2
99	58	2
99	65	2
99	134	1
99	138	2
99	141	2
99	149	1
100	59	2
100	82	1
100	83	2
100	93	2
100	95	1
100	101	2
100	139	1
101	13	2
101	105	1
101	143	1
102	79	2
102	92	1
102	119	2
102	124	1
102	131	1
102	132	1
103	23	2
103	37	1
103	58	2
103	68	1
103	75	1
103	78	1
103	94	1
103	105	1
103	111	2
103	139	1
103	141	2
104	12	1
104	95	1
104	105	1
104	115	2
104	134	1
105	24	1
105	32	1
105	48	1
105	51	2
105	62	2
105	81	2
106	30	1
106	40	1
106	46	2
106	62	1
106	125	2
106	145	1
107	12	1
107	13	1
107	25	1
107	31	2
107	48	2
107	51	2
107	56	2
107	71	1
107	142	2
107	147	1
108	1	1
108	38	1
108	44	2
108	55	2
108	89	2
108	125	1
108	147	2
109	28	2
109	48	1
109	77	1
109	91	1
109	106	2
110	56	1
110	67	2
110	68	1
110	69	1
110	85	1
110	89	1
110	92	1
110	102	1
110	126	2
110	133	1
110	146	1
111	5	2
111	25	1
111	41	1
111	52	1
111	71	1
111	84	1
111	126	2
111	135	2
112	19	1
112	56	1
112	91	1
112	102	1
112	103	1
112	106	2
112	107	2
112	110	1
112	114	1
113	6	1
113	8	2
113	19	2
113	38	2
113	62	1
113	83	2
114	42	1
114	46	1
114	51	1
114	79	1
114	96	2
114	119	1
114	148	2
115	31	1
115	38	1
115	47	2
115	48	1
115	59	2
115	92	1
115	94	1
115	125	1
115	142	1
115	143	2
115	149	1
116	1	2
116	31	1
116	48	2
116	132	2
116	137	2
116	148	1
117	12	1
117	18	1
117	121	1
117	141	2
118	65	1
118	67	2
118	80	1
118	119	2
119	3	1
119	21	2
119	35	2
119	57	2
119	74	2
119	98	2
119	120	1
119	135	1
119	141	2
120	8	2
120	33	2
120	37	1
120	51	2
120	52	1
120	68	2
120	81	1
120	91	2
121	66	1
121	126	1
121	137	2
122	1	1
122	46	1
122	51	1
122	53	1
122	73	2
122	141	1
122	142	2
122	144	2
122	145	2
122	149	1
123	19	2
123	31	2
123	82	2
123	99	1
123	113	1
124	10	2
124	11	2
124	37	2
124	50	1
124	52	2
124	61	2
124	70	2
124	84	1
124	113	1
124	119	2
125	37	2
125	42	2
125	96	1
125	124	2
125	126	1
126	25	2
126	29	2
126	39	1
126	55	1
126	61	1
126	78	1
126	81	1
126	88	2
126	101	2
126	104	2
126	105	2
126	117	1
126	128	2
126	130	2
127	24	2
127	36	2
127	64	2
127	80	2
127	123	2
128	6	2
128	14	1
128	23	1
128	44	2
128	52	1
128	65	2
128	78	2
128	88	1
128	94	2
128	104	1
128	112	2
128	114	2
128	135	1
129	54	1
129	63	2
129	71	1
129	77	2
129	84	1
129	98	2
130	10	2
130	30	1
130	32	2
130	36	2
130	62	1
130	73	1
130	90	1
130	96	2
130	113	2
130	120	2
130	142	2
130	144	2
131	6	2
131	7	2
131	14	1
131	38	2
131	50	1
131	59	1
131	71	2
131	127	1
131	136	2
132	27	2
132	41	2
132	56	2
132	116	2
132	128	2
132	139	1
132	142	1
133	6	2
133	37	1
133	82	2
133	95	2
133	97	2
133	102	1
133	106	1
133	117	2
133	130	2
133	132	1
133	135	2
133	143	2
134	23	1
134	60	1
134	62	1
134	67	2
134	106	1
134	144	1
135	39	1
135	63	1
135	78	2
135	81	1
135	93	1
135	96	1
135	107	1
135	115	1
136	25	2
136	68	2
136	70	1
136	122	2
137	9	2
137	19	1
137	38	1
137	51	1
137	80	2
137	81	1
137	106	2
137	121	2
138	2	2
138	9	2
138	15	2
138	19	1
138	32	2
138	47	1
138	59	1
138	69	2
138	73	1
138	77	2
138	87	2
138	138	2
139	1	1
139	7	1
139	22	1
139	64	2
139	107	2
139	124	2
139	125	1
140	11	2
140	39	2
140	75	1
140	118	2
140	146	2
141	3	2
141	4	1
141	74	1
141	77	1
141	88	2
141	89	2
141	139	2
142	6	1
142	40	2
142	82	2
142	111	2
142	148	2
143	9	2
143	21	2
143	23	2
143	27	2
143	35	1
143	93	1
143	108	1
144	12	1
144	19	2
144	32	2
144	62	2
144	76	1
144	80	1
144	87	1
144	93	1
144	135	2
144	143	1
145	5	2
145	13	2
145	22	2
145	32	2
145	61	1
145	75	1
145	77	1
145	109	1
145	115	2
145	121	2
145	137	2
145	143	1
145	144	1
146	16	2
146	22	1
146	52	2
146	134	2
146	140	1
146	145	2
147	6	1
147	20	1
147	48	2
147	73	2
147	76	2
147	77	2
147	114	2
147	123	2
147	133	2
147	148	1
148	5	1
148	6	1
148	71	1
148	74	2
148	76	1
148	92	1
149	45	1
149	47	2
149	85	1
149	142	2
149	147	1
