0	22	2
0	39	1
0	50	2
0	91	2
0	93	1
0	102	2
0	115	2
0	118	2
0	137	2
0	146	1
1	8	2
1	24	2
1	38	2
1	69	2
1	85	2
1	86	2
2	5	1
2	19	1
2	42	2
2	78	1
2	106	1
2	107	2
3	39	2
3	73	1
3	92	2
3	101	2
3	119	1
3	137	2
4	10	1
4	12	1
4	25	1
4	31	1
4	45	1
4	48	1
4	54	2
4	69	2
4	109	1
4	129	1
4	145	2
5	9	2
5	42	1
5	91	2
5	136	1
5	142	1
5	143	2
6	47	1
6	75	1
6	94	1
6	133	1
6	140	1
6	144	2
7	61	2
7	81	1
7	82	1
7	85	1
7	108	1
7	139	1
8	0	2
8	37	2
8	86	1
8	90	2
9	5	1
9	47	2
9	62	1
9	75	2
9	94	1
9	97	1
9	118	2
9	121	2
9	125	2
9	132	2
9	145	2
10	31	1
10	65	2
10	83	2
10	128	2
11	26	2
11	35	2
11	46	1
11	56	2
11	63	2
11	70	1
11	141	2
11	143	2
12	19	1
12	68	1
12	141	1
12	147	1
12	148	1
13	46	2
13	101	2
13	115	2
13	122	2
13	131	2
13	136	2
14	10	2
14	36	2
14	56	1
14	88	2
14	93	2
15	35	2
15	37	2
15	55	1
15	57	1
15	76	2
16	6	2
16	62	1
16	73	2
16	96	2
16	106	2
16	124	2
16	127	1
16	141	1
16	148	2
17	34	2
17	47	1
17	95	2
18	21	2
18	30	1
18	59	2
18	71	1
18	146	1
19	22	2
19	25	1
19	42	2
19	64	2
19	114	1
19	119	2
19	147	1
20	13	1
20	16	1
20	19	1
20	38	2
20	67	2
20	74	2
20	87	1
20	89	1
20	98	2
20	105	2
20	115	1
21	50	2
21	56	2
21	65	1
21	67	2
21	75	2
21	117	1
21	129	1
21	132	2
22	63	1
22	79	2
22	82	2
22	95	2
22	123	1
22	137	1
23	12	1
23	35	2
23	43	2
23	76	1
23	105	1
23	106	2
23	107	2
23	121	2
23	134	2
24	0	1
24	1	2
24	4	1
24	7	2
24	47	2
24	53	2
24	64	1
24	68	1
24	94	1
24	107	1
24	119	2
24	143	1
25	6	1
25	14	2
25	16	2
25	22	1
25	92	1
25	109	1
25	127	2
25	135	1
26	2	2
26	10	2
26	22	1
26	45	1
26	70	2
26	80	1
26	97	2
26	141	1
27	37	1
27	44	2
27	75	2
27	98	2
27	102	1
27	134	2
27	149	1
28	27	1
28	32	1
28	39	2
28	55	1
28	56	1
28	78	2
28	90	2
28	118	1
28	128	2
29	6	1
29	34	1
29	58	1
29	73	1
29	81	2
29	102	1
29	128	1
29	136	1
29	143	2
30	13	1
30	28	1
30	44	2
30	89	1
30	105	2
30	119	1
30	134	1
30	148	2
31	46	1
31	76	1
31	131	2
31	143	2
32	60	2
32	67	1
32	135	2
32	141	2
32	149	2
33	1	2
33	11	1
33	54	2
33	112	1
33	115	1
33	146	2
34	3	2
34	6	1
34	47	2
34	49	1
34	55	2
34	62	1
34	65	2
34	137	2
35	20	2
35	52	1
35	55	2
35	120	2
35	143	1
36	12	1
36	37	2
36	48	1
36	71	2
36	84	2
36	108	1
36	120	2
37	40	2
37	52	1
37	57	1
37	66	1
37	78	1
37	81	1
37	111	1
37	113	2
37	117	2
37	130	2
37	134	2
38	2	2
38	9	2
38	19	1
38	20	1
38	51	2
38	95	2
38	97	2
38	126	2
38	130	1
39	17	2
39	79	1
39	81	2
40	1	2
40	8	1
40	21	1
40	93	1
40	143	2
41	11	2
41	55	1
41	63	1
41	66	2
41	80	2
41	81	2
41	111	1
41	121	2
41	145	2
42	2	2
42	53	2
42	65	2
42	90	2
42	120	2
42	136	2
43	5	1
43	21	1
43	54	2
43	86	2
43	107	1
43	122	2
43	126	2
43	148	2
44	23	1
44	28	2
44	33	1
44	38	1
44	48	2
44	55	1
44	74	2
44	82	1
44	96	1
44	110	2
44	125	1
44	141	2
45	2	2
45	28	2
45	33	1
45	45	2
45	78	2
45	107	1
45	130	2
46	15	2
46	32	2
46	38	1
46	46	1
46	51	2
46	117	2
46	123	1
46	140	2
47	28	2
47	54	2
47	80	2
47	93	1
47	121	2
47	149	1
48	6	2
48	7	2
48	42	2
48	51	1
48	89	2
48	105	1
48	114	2
48	128	1
48	129	1
48	138	2
48	146	2
49	6	1
49	51	1
49	75	2
49	76	2
49	99	1
49	103	2
49	140	1
50	20	1
50	30	1
50	31	1
50	45	2
50	105	2
50	141	1
51	34	2
51	75	2
51	123	1
51	142	1
52	51	2
52	62	2
52	96	1
52	126	1
52	136	1
52	143	1
53	0	2
53	13	2
53	15	2
53	18	1
53	35	1
53	68	1
53	71	1
53	85	1
53	105	2
53	113	1
53	125	1
53	140	2
54	25	1
54	32	2
54	52	2
54	57	2
54	85	1
54	114	2
55	9	2
55	28	2
55	111	1
55	133	1
56	6	2
56	40	1
56	81	1
56	93	1
56	132	1
56	137	1
57	13	1
57	30	1
57	70	2
57	81	2
57	82	2
57	92	1
57	120	1
58	58	2
58	71	1
58	129	1
58	131	2
58	143	1
59	18	2
59	48	2
59	97	2
59	107	1
59	117	1
60	10	1
60	45	1
60	59	2
60	71	2
60	77	2
60	78	2
60	84	1
60	117	1
61	3	2
61	12	1
61	39	2
61	55	1
61	82	2
61	85	2
61	137	1
62	3	1
62	40	1
62	77	1
62	82	1
62	83	1
62	90	2
62	102	1
62	110	2
62	126	2
63	8	1
63	20	2
63	28	1
63	33	2
63	45	1
63	58	2
63	59	1
63	73	1
63	75	1
63	118	1
63	119	1
63	124	2
64	11	2
64	27	2
64	73	1
64	95	2
64	98	1
65	12	2
65	22	2
65	52	2
65	56	2
65	58	2
65	67	1
65	85	1
65	91	2
65	120	2
65	130	1
65	140	1
66	8	2
66	30	1
66	38	2
66	45	1
66	49	1
66	62	1
66	67	2
66	74	2
66	94	2
66	103	2
66	109	2
67	7	1
67	17	2
67	27	2
67	42	2
67	77	1
67	85	2
67	88	2
67	98	1
67	106	2
67	116	1
67	135	2
67	140	1
68	0	1
68	11	1
68	22	2
68	23	2
68	50	2
68	116	1
69	6	1
69	7	1
69	13	2
69	19	1
69	22	2
69	24	2
69	25	2
69	33	2
69	51	1
69	75	1
69	90	1
69	144	1
70	39	2
70	55	2
70	89	2
70	92	2
70	139	2
71	38	2
71	56	2
71	68	1
71	83	2
71	102	2
71	126	2
72	1	2
72	4	1
72	6	2
72	7	1
72	12	2
72	13	1
72	25	1
72	61	1
72	71	2
72	72	2
72	115	2
72	123	2
73	43	2
73	82	2
73	90	1
73	108	1
73	120	2
73	125	1
73	132	1
73	133	2
73	141	2
73	142	2
73	149	2
74	6	1
74	36	1
74	59	2
74	89	2
74	133	1
74	135	1
75	4	2
75	10	2
75	41	1
75	90	1
75	91	1
75	98	2
75	100	2
75	142	1
76	1	2
76	33	2
76	51	2
76	71	1
76	113	2
76	126	1
76	132	1
77	10	2
77	23	2
77	70	2
77	85	2
77	101	1
77	113	2
77	149	2
78	0	2
78	105	2
78	108	2
78	147	1
79	22	1
79	31	2
79	35	1
79	38	2
79	72	2
79	114	2
79	116	2
79	148	1
80	40	2
80	74	2
81	10	2
81	17	1
81	36	1
81	94	2
81	98	2
81	125	1
81	131	2
81	135	2
81	143	2
82	28	1
82	72	2
82	80	2
82	81	1
82	112	1
83	56	1
83	81	1
83	106	2
83	117	2
83	124	2
83	141	2
83	148	1
84	16	2
84	27	1
84	35	1
84	63	2
84	71	1
84	85	1
84	98	2
84	102	2
84	124	1
84	135	1
85	6	1
85	31	2
85	51	1
85	73	2
85	80	2
85	91	2
85	100	1
85	116	2
85	145	2
86	10	2
86	14	1
86	48	2
86	59	1
86	64	2
86	69	1
86	85	1
86	88	2
86	102	1
86	114	1
86	146	1
87	3	2
87	12	1
87	13	2
87	23	1
87	24	2
87	31	2
87	53	1
87	57	2
87	62	2
87	77	2
87	83	2
87	105	2
87	137	2
88	38	2
88	46	2
88	50	2
88	73	2
88	82	1
88	89	2
88	126	1
88	133	2
88	135	1
88	142	1
89	3	1
89	25	2
89	28	2
89	56	2
89	64	1
89	107	1
89	129	2
89	139	1
90	6	1
90	8	2
90	62	2
90	63	1
90	78	1
90	93	1
90	109	2
90	149	2
91	6	2
91	33	1
91	56	2
91	61	1
91	69	2
91	98	2
91	107	1
91	112	2
91	114	2
92	4	2
92	31	2
92	34	2
92	66	1
92	71	2
92	74	2
92	82	2
92	90	2
92	106	2
92	125	2
93	19	2
93	45	2
93	54	2
93	77	1
93	92	2
93	101	2
93	126	1
94	47	1
94	67	1
94	104	2
95	12	2
95	29	1
95	76	2
95	78	2
95	84	1
95	101	1
95	104	1
95	134	2
95	146	1
96	0	2
96	14	1
96	15	1
96	51	2
96	68	2
96	71	2
96	77	2
96	84	1
96	125	1
96	144	2
97	39	1
97	47	2
97	88	2
97	108	1
97	124	1
97	129	1
98	19	2
98	61	2
98	76	1
98	95	2
98	108	1
98	109	1
99	23	2
99	41	2
99	87	1
99	105	1
99	106	2
99	119	2
100	13	2
100	17	2
100	42	2
100	46	1
100	55	1
100	81	2
100	139	1
101	78	2
101	106	1
101	141	1
102	23	2
102	77	1
102	81	1
102	112	1
102	116	1
102	130	2
103	19	2
103	39	1
103	46	1
103	62	2
103	68	1
103	72	1
103	97	1
103	109	1
103	116	2
103	128	2
103	134	1
104	35	2
104	56	1
104	58	1
104	101	1
104	114	1
105	19	2
105	28	2
105	81	1
105	84	2
105	88	1
105	103	1
106	4	1
106	6	1
106	16	2
106	62	2
106	68	1
106	80	1
107	34	1
107	42	1
107	61	1
107	67	2
107	78	2
107	84	1
107	88	1
107	114	2
107	115	2
107	147	2
108	24	1
108	44	1
108	74	2
108	104	2
108	113	2
108	118	1
108	139	2
109	40	1
109	56	2
109	84	1
109	96	2
109	114	1
110	22	2
110	23	1
110	26	1
110	46	1
110	64	1
110	66	1
110	67	2
110	71	1
110	116	1
110	147	1
110	149	1
111	32	2
111	37	1
111	43	1
111	60	1
111	76	1
111	83	1
111	92	2
111	129	2
112	0	1
112	19	1
112	27	2
112	34	1
112	36	1
112	37	2
112	48	1
112	74	1
112	102	1
113	32	2
113	62	2
113	108	2
113	128	1
113	135	1
113	144	2
114	44	1
114	61	1
114	90	2
114	96	1
114	143	1
114	144	2
114	147	1
115	6	1
115	20	1
115	21	2
115	68	2
115	78	1
115	87	1
115	101	1
115	111	1
115	124	2
115	142	1
115	149	1
116	32	2
116	37	2
116	65	2
116	71	1
116	114	1
116	123	2
117	58	2
117	61	1
117	85	1
117	95	1
118	44	1
118	134	2
118	135	1
118	143	2
119	9	2
119	58	1
119	63	2
119	77	2
119	96	1
119	101	2
119	109	2
119	114	2
119	134	1
120	31	1
120	47	1
120	51	2
120	89	2
120	92	2
120	101	1
120	128	2
120	139	2
121	10	1
121	23	2
121	133	1
122	7	1
122	29	1
122	32	1
122	43	2
122	55	1
122	56	1
122	77	2
122	108	2
122	116	2
122	146	1
123	3	1
123	12	1
123	48	2
123	76	2
123	130	2
124	5	1
124	24	2
124	31	2
124	34	2
124	37	1
124	54	2
124	55	2
124	62	2
124	90	1
124	133	2
125	60	2
125	75	1
125	80	2
125	81	1
125	112	2
126	1	2
126	6	2
126	33	2
126	49	2
126	51	1
126	59	2
126	79	1
126	84	1
126	96	1
126	97	1
126	116	2
126	125	1
126	130	2
126	140	2
127	5	2
127	51	2
127	52	2
127	104	2
127	125	2
128	30	2
128	32	2
128	39	2
128	65	1
128	84	1
128	94	1
128	95	1
128	97	2
128	101	2
128	108	2
128	119	2
128	136	1
128	143	1
129	38	2
129	53	1
129	56	2
129	115	1
129	132	2
129	148	1
130	23	1
130	48	1
130	63	1
130	82	2
130	84	2
130	87	2
130	92	1
130	95	2
130	107	2
130	108	2
130	123	2
130	130	2
131	1	1
131	24	2
131	31	1
131	50	1
131	76	2
131	101	2
131	112	2
131	130	1
131	141	2
132	48	2
132	71	2
132	88	1
132	96	2
132	97	2
132	133	2
132	137	1
133	18	1
133	31	1
133	44	2
133	47	2
133	52	2
133	57	2
133	81	2
133	93	2
133	103	2
133	111	2
133	121	1
133	149	1
134	13	1
134	68	1
134	78	1
134	92	1
134	122	1
134	136	2
135	2	1
135	21	1
135	68	2
135	70	1
135	79	1
135	106	1
135	130	1
135	142	1
136	52	2
136	59	2
136	64	1
136	149	2
137	29	1
137	32	1
137	40	2
137	45	2
137	50	2
137	65	1
137	105	1
137	116	2
138	2	2
138	21	2
138	38	1
138	57	2
138	84	1
138	90	2
138	97	2
138	104	2
138	105	2
138	107	1
138	126	2
138	133	1
139	1	2
139	13	1
139	52	1
139	80	1
139	87	2
139	126	1
139	138	2
140	46	2
140	102	1
140	113	2
140	127	2
140	131	2
141	35	1
141	38	2
141	53	1
141	56	1
141	125	2
141	128	2
141	133	2
142	23	2
142	84	2
142	89	2
142	124	2
142	144	1
143	38	1
143	41	1
143	73	2
143	84	1
143	88	2
143	125	2
143	132	2
144	30	2
144	40	1
144	41	1
144	46	1
144	77	2
144	78	2
144	86	1
144	111	1
144	113	2
144	121	1
145	22	2
145	36	2
145	43	2
145	48	2
145	62	1
145	64	2
145	75	1
145	91	1
145	94	1
145	95	1
145	98	2
145	125	1
145	132	2
146	11	2
146	23	1
146	88	2
146	94	1
146	112	2
146	115	2
147	5	1
147	22	2
147	80	2
147	81	1
147	95	2
147	118	1
147	122	2
147	129	2
147	143	2
147	146	2
148	23	1
148	44	1
148	73	1
148	85	2
148	99	1
148	125	1
149	62	2
149	67	1
149	107	2
149	112	1
149	142	1
