0	7	2
0	27	1
0	33	2
0	42	1
0	51	2
0	71	2
0	83	2
0	88	2
0	125	1
0	129	2
1	48	2
1	62	2
1	68	2
1	85	2
1	88	2
1	146	2
2	13	2
2	45	2
2	80	1
2	93	1
2	128	1
2	135	1
3	28	2
3	56	2
3	62	1
3	70	2
3	92	2
3	123	1
4	7	1
4	10	1
4	45	2
4	51	2
4	76	1
4	91	1
4	94	1
4	96	1
4	118	2
4	136	1
4	147	1
5	2	1
5	21	2
5	61	1
5	80	1
5	125	2
5	148	2
6	25	1
6	48	1
6	75	1
6	113	2
6	143	1
6	148	1
7	31	1
7	55	2
7	75	1
7	97	1
7	126	1
7	134	1
8	31	2
8	47	2
8	130	1
8	149	2
9	5	1
9	10	2
9	16	2
9	23	2
9	42	2
9	56	1
9	94	1
9	102	1
9	108	2
9	127	2
9	134	2
10	19	2
10	31	1
10	51	2
10	55	2
11	1	1
11	14	2
11	55	2
11	76	2
11	84	1
11	112	2
11	135	2
11	139	2
12	0	1
12	11	1
12	65	1
12	93	1
12	135	1
13	9	2
13	21	2
13	46	2
13	90	2
13	119	2
13	140	2
14	5	1
14	93	2
14	101	2
14	115	2
14	146	2
15	27	2
15	35	1
15	40	1
15	51	2
15	122	2
16	1	2
16	23	1
16	38	2
16	41	1
16	64	2
16	79	1
16	102	2
16	112	2
16	116	2
17	56	1
17	112	2
17	140	2
18	63	1
18	67	1
18	73	2
18	77	2
18	94	1
19	47	2
19	64	1
19	94	2
19	97	2
19	105	2
19	112	1
19	116	1
20	13	1
20	37	1
20	44	2
20	49	1
20	68	2
20	81	1
20	87	2
20	92	1
20	93	1
20	128	2
20	135	2
21	43	2
21	45	2
21	48	1
21	56	1
21	95	2
21	114	2
21	117	1
21	129	2
22	9	1
22	52	2
22	130	1
22	142	2
22	146	1
22	149	2
23	0	2
23	17	1
23	38	2
23	40	2
23	61	2
23	64	2
23	68	1
23	81	1
23	116	2
24	1	2
24	13	1
24	23	2
24	30	2
24	48	1
24	56	2
24	63	1
24	75	1
24	104	1
24	125	2
24	130	1
24	143	1
25	13	1
25	22	1
25	42	1
25	59	2
25	74	2
25	77	1
25	95	2
25	134	1
26	14	2
26	19	1
26	27	1
26	35	2
26	47	1
26	56	2
26	77	1
26	84	2
27	3	1
27	21	2
27	22	2
27	42	1
27	73	1
27	84	2
27	130	2
28	5	1
28	6	2
28	53	2
28	84	2
28	85	1
28	86	1
28	91	1
28	125	1
28	137	2
29	52	2
29	57	2
29	71	1
29	89	1
29	94	1
29	107	1
29	111	1
29	129	1
29	134	1
30	20	2
30	58	1
30	68	1
30	77	2
30	78	1
30	104	1
30	111	1
30	132	2
31	53	2
31	76	1
31	84	2
31	134	1
32	65	2
32	96	2
32	102	1
32	105	2
32	125	2
33	46	1
33	59	2
33	88	1
33	132	2
33	135	2
33	137	1
34	1	2
34	39	2
34	98	2
34	106	1
34	108	1
34	114	1
34	124	2
34	136	2
35	40	1
35	80	1
35	101	2
35	104	2
35	146	2
36	13	2
36	20	2
36	58	2
36	61	1
36	88	1
36	110	2
36	126	1
37	1	1
37	13	1
37	28	1
37	34	2
37	36	1
37	46	2
37	47	1
37	73	2
37	80	2
37	88	2
37	137	1
38	87	1
38	95	2
38	98	1
38	113	2
38	116	1
38	119	2
38	123	2
38	129	2
38	144	2
39	44	2
39	96	2
39	121	1
40	32	2
40	43	1
40	85	1
40	89	2
40	114	1
41	11	1
41	28	2
41	54	2
41	73	2
41	79	1
41	128	2
41	143	1
41	145	2
41	147	2
42	51	2
42	57	2
42	75	2
42	77	2
42	86	2
42	129	2
43	32	2
43	33	2
43	35	1
43	56	1
43	106	2
43	126	2
43	130	2
43	133	1
44	14	1
44	33	2
44	35	2
44	59	1
44	74	1
44	75	1
44	80	2
44	84	2
44	92	1
44	121	1
44	142	2
44	143	1
45	6	2
45	20	2
45	35	1
45	78	2
45	98	1
45	147	2
45	148	2
46	12	2
46	38	1
46	63	2
46	78	2
46	85	1
46	91	1
46	123	2
46	142	2
47	0	2
47	47	1
47	103	1
47	109	2
47	116	2
47	146	2
48	8	2
48	12	2
48	32	1
48	33	1
48	62	2
48	82	2
48	91	2
48	101	1
48	112	1
48	114	2
48	118	2
49	6	2
49	91	1
49	102	1
49	103	1
49	117	2
49	133	2
49	140	1
50	69	1
50	71	2
50	78	1
50	102	1
50	112	1
50	144	2
51	11	2
51	24	1
51	68	1
51	141	2
52	50	1
52	56	1
52	66	1
52	75	2
52	106	2
52	133	1
53	4	1
53	6	1
53	13	1
53	19	1
53	28	1
53	37	1
53	38	2
53	44	1
53	47	2
53	67	2
53	73	2
53	97	2
54	2	1
54	25	2
54	73	2
54	77	2
54	84	2
54	106	1
55	38	1
55	45	1
55	78	2
55	115	2
56	0	2
56	33	1
56	41	1
56	48	1
56	85	1
56	142	1
57	6	1
57	51	1
57	70	2
57	78	2
57	89	1
57	118	2
57	148	1
58	36	2
58	43	1
58	87	2
58	89	1
58	115	1
59	15	1
59	32	1
59	88	2
59	124	2
59	147	2
60	9	2
60	12	2
60	43	2
60	93	1
60	119	1
60	137	2
60	142	1
60	149	1
61	11	2
61	90	2
61	95	2
61	99	1
61	125	2
61	128	1
61	141	1
62	13	2
62	16	1
62	17	1
62	23	1
62	59	2
62	65	2
62	88	1
62	98	1
62	101	1
63	4	1
63	19	2
63	30	2
63	38	1
63	75	1
63	81	2
63	82	1
63	90	1
63	94	1
63	105	2
63	115	1
63	130	1
64	1	1
64	5	1
64	72	2
64	101	2
64	120	2
65	18	2
65	25	2
65	39	1
65	57	2
65	62	1
65	67	2
65	71	2
65	77	2
65	98	1
65	103	2
65	124	1
66	10	2
66	20	2
66	23	1
66	29	2
66	36	2
66	54	1
66	81	2
66	83	1
66	97	1
66	108	2
66	125	2
67	16	1
67	22	2
67	45	2
67	52	2
67	73	2
67	85	2
67	95	2
67	108	1
67	114	1
67	120	1
67	136	2
67	148	1
68	10	2
68	22	2
68	39	1
68	62	2
68	65	1
68	99	1
69	19	2
69	34	2
69	47	2
69	55	1
69	116	2
69	120	1
69	125	1
69	130	1
69	132	2
69	135	1
69	146	1
69	147	1
70	6	2
70	28	2
70	56	2
70	66	2
70	119	2
71	50	2
71	76	2
71	81	1
71	107	2
71	131	2
71	135	2
72	22	2
72	24	1
72	50	1
72	52	2
72	62	2
72	76	1
72	85	2
72	115	1
72	120	2
72	127	2
72	142	2
72	143	1
73	19	2
73	28	2
73	37	1
73	48	1
73	54	1
73	55	2
73	87	2
73	95	2
73	121	2
73	143	1
73	149	2
74	7	2
74	30	2
74	55	1
74	56	1
74	62	1
74	139	1
75	49	1
75	50	2
75	56	2
75	85	2
75	90	1
75	92	1
75	105	2
75	138	1
76	6	2
76	54	2
76	63	1
76	109	1
76	120	2
76	136	1
76	143	2
77	4	2
77	34	2
77	41	2
77	58	2
77	71	1
77	95	2
77	105	2
78	6	2
78	44	2
78	58	1
78	67	2
79	30	1
79	67	1
79	80	2
79	81	2
79	84	2
79	114	1
79	128	2
79	131	2
80	32	2
80	144	2
81	24	2
81	25	2
81	45	2
81	56	1
81	71	1
81	105	2
81	133	1
81	136	2
81	141	2
82	22	2
82	24	2
82	48	1
82	55	1
82	63	1
83	4	1
83	12	2
83	84	2
83	90	1
83	133	2
83	139	2
83	142	1
84	2	2
84	22	1
84	23	2
84	29	1
84	47	2
84	64	1
84	81	1
84	89	1
84	114	2
84	118	1
85	0	2
85	21	2
85	44	2
85	74	1
85	82	2
85	107	2
85	117	1
85	143	2
85	145	1
86	3	1
86	81	2
86	83	1
86	84	2
86	96	1
86	98	2
86	101	1
86	111	2
86	116	1
86	125	1
86	133	1
87	3	1
87	6	2
87	24	2
87	45	1
87	51	2
87	62	1
87	64	2
87	68	2
87	86	2
87	105	2
87	114	2
87	134	2
87	146	2
88	22	1
88	31	2
88	34	1
88	40	1
88	61	2
88	64	1
88	94	2
88	132	2
88	137	2
88	140	2
89	8	1
89	11	2
89	46	1
89	52	2
89	74	2
89	78	2
89	93	1
89	107	1
90	23	2
90	37	1
90	44	2
90	81	2
90	88	2
90	115	1
90	122	1
90	137	1
91	39	2
91	70	1
91	84	2
91	85	2
91	88	2
91	105	1
91	112	2
91	125	2
91	126	1
92	7	2
92	62	2
92	63	2
92	68	2
92	71	2
92	90	2
92	92	2
92	130	2
92	141	2
92	148	1
93	10	2
93	21	2
93	31	2
93	57	1
93	80	2
93	108	2
93	115	1
94	26	1
94	34	2
94	77	1
95	7	2
95	23	2
95	30	1
95	36	2
95	76	1
95	80	1
95	97	2
95	109	1
95	119	1
96	32	1
96	39	2
96	46	2
96	51	2
96	68	1
96	74	2
96	82	1
96	85	2
96	116	1
96	128	2
97	12	1
97	28	2
97	75	1
97	101	1
97	125	2
97	133	1
98	39	2
98	47	1
98	51	1
98	112	2
98	134	1
98	149	2
99	42	2
99	46	2
99	133	2
99	134	2
99	140	1
99	143	1
100	41	1
100	54	2
100	92	2
100	98	1
100	105	2
100	108	1
100	117	2
101	59	1
101	101	2
101	107	1
102	3	1
102	27	1
102	55	1
102	96	2
102	129	1
102	147	2
103	23	1
103	34	2
103	65	2
103	82	1
103	86	1
103	90	1
103	98	2
103	108	2
103	123	1
103	143	1
103	146	1
104	50	1
104	58	1
104	69	1
104	92	2
104	101	1
105	16	2
105	37	1
105	46	1
105	111	2
105	121	2
105	123	1
106	9	1
106	61	2
106	82	1
106	120	1
106	126	2
106	144	1
107	4	2
107	48	2
107	89	1
107	102	2
107	106	1
107	113	1
107	115	1
107	131	2
107	136	1
107	141	2
108	5	1
108	12	2
108	22	1
108	52	2
108	62	1
108	71	2
108	72	2
109	32	2
109	45	1
109	67	1
109	98	1
109	117	2
110	6	1
110	13	1
110	23	1
110	25	1
110	52	1
110	53	1
110	72	1
110	109	2
110	116	1
110	127	1
110	139	2
111	19	2
111	25	1
111	31	1
111	49	1
111	71	2
111	107	1
111	128	2
111	143	1
112	30	1
112	31	1
112	32	1
112	55	1
112	90	1
112	97	1
112	106	2
112	139	1
112	143	2
113	0	2
113	48	2
113	82	1
113	102	2
113	125	2
113	135	1
114	6	1
114	8	1
114	20	1
114	40	2
114	94	2
114	108	1
114	139	1
115	12	1
115	19	1
115	31	1
115	39	1
115	53	1
115	69	2
115	73	2
115	87	1
115	93	1
115	138	2
115	145	1
116	12	2
116	46	1
116	51	2
116	67	1
116	81	2
116	132	2
117	60	1
117	69	1
117	111	2
117	122	1
118	54	1
118	71	2
118	78	1
118	83	2
119	2	1
119	3	2
119	6	2
119	10	2
119	33	1
119	35	1
119	43	2
119	96	2
119	111	2
120	19	2
120	38	1
120	51	2
120	67	2
120	83	2
120	100	2
120	106	1
120	149	1
121	2	1
121	84	1
121	144	2
122	6	1
122	15	1
122	58	1
122	89	1
122	102	1
122	104	1
122	113	2
122	125	2
122	135	2
122	141	2
123	58	2
123	76	2
123	81	2
123	82	1
123	114	1
124	17	2
124	31	2
124	32	2
124	80	2
124	81	1
124	109	1
124	114	2
124	117	2
124	118	2
124	129	1
125	10	1
125	28	1
125	37	2
125	75	2
125	126	2
126	21	2
126	26	2
126	31	1
126	56	2
126	67	1
126	70	1
126	78	2
126	79	1
126	89	2
126	97	1
126	101	2
126	110	2
126	121	2
126	132	1
127	5	2
127	40	2
127	78	2
127	82	2
127	102	2
128	6	2
128	22	2
128	28	1
128	34	2
128	50	1
128	64	1
128	76	1
128	81	2
128	107	1
128	129	2
128	130	2
128	136	1
128	137	2
129	27	2
129	78	1
129	100	2
129	101	2
129	119	1
129	143	1
130	2	2
130	6	2
130	10	2
130	24	2
130	48	1
130	61	2
130	97	2
130	104	2
130	105	1
130	114	1
130	123	1
130	124	2
131	38	2
131	42	1
131	52	1
131	55	2
131	71	2
131	81	1
131	116	2
131	121	2
131	141	1
132	18	1
132	46	2
132	62	1
132	66	2
132	68	2
132	108	2
132	149	2
133	0	2
133	12	2
133	39	2
133	85	1
133	91	2
133	106	2
133	107	2
133	109	1
133	124	1
133	126	1
133	140	2
133	141	2
134	45	2
134	61	1
134	81	1
134	97	1
134	126	1
134	142	1
135	53	1
135	68	1
135	103	1
135	105	1
135	106	2
135	113	1
135	128	1
135	141	1
136	8	2
136	95	1
136	131	2
136	132	2
137	22	2
137	36	2
137	38	1
137	40	2
137	65	1
137	70	2
137	95	1
137	149	1
138	8	2
138	10	2
138	56	1
138	59	1
138	63	2
138	74	1
138	85	2
138	107	1
138	108	2
138	118	2
138	131	2
138	141	2
139	1	2
139	6	1
139	62	1
139	66	1
139	71	2
139	77	1
139	107	2
140	38	2
140	42	2
140	57	1
140	78	2
140	141	2
141	19	2
141	51	1
141	113	1
141	126	2
141	133	2
141	144	2
141	145	1
142	23	2
142	46	2
142	60	1
142	137	2
142	149	2
143	29	1
143	31	2
143	44	1
143	71	2
143	79	1
143	95	2
143	130	2
144	15	2
144	18	1
144	33	2
144	37	1
144	38	2
144	77	2
144	82	1
144	96	1
144	124	1
144	132	1
145	1	1
145	17	2
145	23	2
145	37	1
145	38	2
145	60	1
145	72	1
145	90	1
145	96	2
145	107	2
145	113	1
145	122	2
145	149	2
146	3	2
146	13	2
146	35	1
146	90	2
146	92	1
146	124	2
147	35	2
147	55	1
147	57	2
147	75	2
147	76	1
147	90	2
147	109	2
147	119	2
147	133	1
147	143	2
148	7	2
148	65	1
148	73	1
148	74	1
148	92	1
148	148	1
149	59	1
149	62	2
149	84	2
149	126	1
149	140	1
