0	13	2
0	22	2
0	42	1
0	55	2
0	58	1
0	81	2
0	114	2
0	122	2
0	125	2
0	133	1
1	1	2
1	33	2
1	36	2
1	51	2
1	112	2
1	131	2
2	0	1
2	44	1
2	55	2
2	111	2
2	129	1
2	145	1
3	0	2
3	35	2
3	68	1
3	118	1
3	133	2
3	139	2
4	55	1
4	70	2
4	76	2
4	77	1
4	81	1
4	104	1
4	112	1
4	116	1
4	129	1
4	137	2
4	149	1
5	6	1
5	11	2
5	25	1
5	71	2
5	120	1
5	123	2
6	32	2
6	63	1
6	69	1
6	75	1
6	86	1
6	136	1
7	17	1
7	25	1
7	45	2
7	50	1
7	64	1
7	115	1
8	38	2
8	47	1
8	114	2
8	130	2
9	17	1
9	29	2
9	71	1
9	73	1
9	90	2
9	97	2
9	98	1
9	107	2
9	113	2
9	115	2
9	124	2
10	13	1
10	84	2
10	90	2
10	121	2
11	0	1
11	10	1
11	35	2
11	56	2
11	73	2
11	83	2
11	100	2
11	118	2
12	6	1
12	9	1
12	13	1
12	24	1
12	129	1
13	13	2
13	34	2
13	94	2
13	101	2
13	106	2
13	124	2
14	43	2
14	51	2
14	113	1
14	131	2
14	133	2
15	12	2
15	48	2
15	56	1
15	101	1
15	122	2
16	11	2
16	19	1
16	31	2
16	39	2
16	50	2
16	52	1
16	62	2
16	85	2
16	118	1
17	15	2
17	61	2
17	125	1
18	34	2
18	39	1
18	60	1
18	84	2
18	119	1
19	6	1
19	38	2
19	56	2
19	65	1
19	82	2
19	141	2
19	143	1
20	5	1
20	10	2
20	23	1
20	31	2
20	34	2
20	43	1
20	56	2
20	81	1
20	95	2
20	97	1
20	98	1
21	51	1
21	67	1
21	77	2
21	84	2
21	92	1
21	115	2
21	144	2
21	146	2
22	5	2
22	29	1
22	32	1
22	84	2
22	135	1
22	143	2
23	19	2
23	22	2
23	57	2
23	74	2
23	82	1
23	114	1
23	116	2
23	125	1
23	149	2
24	0	2
24	6	1
24	12	2
24	42	2
24	47	1
24	50	2
24	75	1
24	81	1
24	96	1
24	126	2
24	134	1
24	142	1
25	59	2
25	95	2
25	97	1
25	106	1
25	123	2
25	132	1
25	135	1
25	140	1
26	5	2
26	22	1
26	31	2
26	33	1
26	85	1
26	112	2
26	116	2
26	139	1
27	48	2
27	65	2
27	88	1
27	103	2
27	126	2
27	132	1
27	148	1
28	39	1
28	47	2
28	75	1
28	76	2
28	94	2
28	108	2
28	125	1
28	132	1
28	138	1
29	20	1
29	32	1
29	33	1
29	77	1
29	84	2
29	108	2
29	109	1
29	112	1
29	117	1
30	37	2
30	38	1
30	45	1
30	59	1
30	62	1
30	85	2
30	103	2
30	141	1
31	11	2
31	54	2
31	102	1
31	119	1
32	21	2
32	36	2
32	71	1
32	97	2
32	137	2
33	19	2
33	47	1
33	58	1
33	94	2
33	116	2
33	130	1
34	15	2
34	20	1
34	23	2
34	79	1
34	84	1
34	95	2
34	107	2
34	108	2
35	95	1
35	109	2
35	116	2
35	133	2
35	145	1
36	1	2
36	37	2
36	68	2
36	85	2
36	123	1
36	140	1
36	146	1
37	20	1
37	42	1
37	51	1
37	78	1
37	88	2
37	95	2
37	105	2
37	112	1
37	122	2
37	128	2
37	143	1
38	8	2
38	35	2
38	90	1
38	93	1
38	101	1
38	130	2
38	134	2
38	136	2
38	147	2
39	74	2
39	97	2
39	121	1
40	40	2
40	46	2
40	72	1
40	136	1
40	137	1
41	3	2
41	22	1
41	41	2
41	52	2
41	58	2
41	91	2
41	105	1
41	109	1
41	117	2
42	22	2
42	48	2
42	74	2
42	99	2
42	106	2
42	142	2
43	31	2
43	50	2
43	54	1
43	69	2
43	74	1
43	109	2
43	124	1
43	130	2
44	44	2
44	52	2
44	61	1
44	72	1
44	84	1
44	89	1
44	94	1
44	107	1
44	128	2
44	132	2
44	147	2
44	149	1
45	8	2
45	42	2
45	54	2
45	76	2
45	88	2
45	101	1
45	130	1
46	21	1
46	24	2
46	32	1
46	38	2
46	119	2
46	125	1
46	135	2
46	141	2
47	45	2
47	68	2
47	81	1
47	89	2
47	107	2
47	116	1
48	35	2
48	47	1
48	56	2
48	67	2
48	71	1
48	84	2
48	98	2
48	102	1
48	140	2
48	144	1
48	148	2
49	40	2
49	70	1
49	80	1
49	119	2
49	125	1
49	126	2
49	147	1
50	1	1
50	23	1
50	53	2
50	72	2
50	91	1
50	107	1
51	84	1
51	133	2
51	134	2
51	146	1
52	3	2
52	6	2
52	76	1
52	88	1
52	106	1
52	107	1
53	6	1
53	10	1
53	23	1
53	49	2
53	68	2
53	85	1
53	101	1
53	111	1
53	121	2
53	135	1
53	137	2
53	141	2
54	6	2
54	14	1
54	16	2
54	40	2
54	89	2
54	122	1
55	28	1
55	48	2
55	117	2
55	125	1
56	10	1
56	70	2
56	71	1
56	89	1
56	134	1
56	142	1
57	13	1
57	31	2
57	46	2
57	54	1
57	66	1
57	105	1
57	140	2
58	37	1
58	39	2
58	89	1
58	130	1
58	141	2
59	44	2
59	51	1
59	96	2
59	134	2
59	149	1
60	40	1
60	44	1
60	48	2
60	62	1
60	71	2
60	89	2
60	114	2
60	140	1
61	1	2
61	2	2
61	10	1
61	39	2
61	45	2
61	56	1
61	143	1
62	13	2
62	23	1
62	28	2
62	44	1
62	64	1
62	65	2
62	79	1
62	93	1
62	105	1
63	10	2
63	34	1
63	51	2
63	71	1
63	73	1
63	81	1
63	88	2
63	98	1
63	101	1
63	112	2
63	132	1
63	137	1
64	19	2
64	28	2
64	38	1
64	92	1
64	96	2
65	33	2
65	48	1
65	55	2
65	63	2
65	71	1
65	78	2
65	94	2
65	115	2
65	124	1
65	125	2
65	136	1
66	21	2
66	36	1
66	41	2
66	67	2
66	80	1
66	106	2
66	108	2
66	133	2
66	137	1
66	143	2
66	149	1
67	3	2
67	12	2
67	21	2
67	35	1
67	41	2
67	55	1
67	64	1
67	95	2
67	101	1
67	102	2
67	127	2
67	129	1
68	4	2
68	62	1
68	71	1
68	75	2
68	86	2
68	143	1
69	13	2
69	23	1
69	31	1
69	49	2
69	51	1
69	62	1
69	68	1
69	78	1
69	81	2
69	91	1
69	103	2
69	142	2
70	5	2
70	36	2
70	77	2
70	112	2
70	148	2
71	47	2
71	62	2
71	86	2
71	119	2
71	125	1
71	135	2
72	10	2
72	11	2
72	14	2
72	19	2
72	37	2
72	50	1
72	51	1
72	67	1
72	81	2
72	97	1
72	114	1
72	144	2
73	34	1
73	56	2
73	59	2
73	64	2
73	80	1
73	91	2
73	95	2
73	104	2
73	117	1
73	119	1
73	141	2
74	23	1
74	38	1
74	77	2
74	82	1
74	96	1
74	107	2
75	17	1
75	62	2
75	71	1
75	90	2
75	103	1
75	128	2
75	132	1
75	136	2
76	21	2
76	46	2
76	78	1
76	94	1
76	106	1
76	113	2
76	137	2
77	12	2
77	33	2
77	38	2
77	67	2
77	82	1
77	83	2
77	128	2
78	39	2
78	54	1
78	59	2
78	78	2
79	2	2
79	26	1
79	43	2
79	51	1
79	82	2
79	111	1
79	114	2
79	126	2
80	31	2
80	129	2
81	12	1
81	42	2
81	51	2
81	58	1
81	73	2
81	76	2
81	79	2
81	82	1
81	107	2
82	45	2
82	51	2
82	52	1
82	60	1
82	124	1
83	7	1
83	37	2
83	42	2
83	75	2
83	95	1
83	97	2
83	115	1
84	0	2
84	8	1
84	28	1
84	55	1
84	58	2
84	59	1
84	82	1
84	96	1
84	104	2
84	148	2
85	18	1
85	57	1
85	58	2
85	59	2
85	87	2
85	93	2
85	105	1
85	140	2
85	146	2
86	22	1
86	31	1
86	45	2
86	67	1
86	68	1
86	69	1
86	92	2
86	101	2
86	115	2
86	118	1
86	135	1
87	1	1
87	2	1
87	9	2
87	47	2
87	63	2
87	67	2
87	78	2
87	85	2
87	107	2
87	111	2
87	135	2
87	140	2
87	146	1
88	3	2
88	21	1
88	23	1
88	43	1
88	48	2
88	51	1
88	73	2
88	89	2
88	108	2
88	117	2
89	12	1
89	16	1
89	28	2
89	31	2
89	55	2
89	76	1
89	78	2
89	144	1
90	7	1
90	13	1
90	27	2
90	59	1
90	83	2
90	93	2
90	101	2
90	143	1
91	14	2
91	46	2
91	61	2
91	67	1
91	77	2
91	82	2
91	133	1
91	142	1
91	143	2
92	38	2
92	64	2
92	70	2
92	81	2
92	90	2
92	92	2
92	94	2
92	128	2
92	135	2
92	142	1
93	63	2
93	83	1
93	108	2
93	113	1
93	121	2
93	145	2
93	147	2
94	26	1
94	73	2
94	74	1
95	7	1
95	8	2
95	56	1
95	65	1
95	68	1
95	80	2
95	93	2
95	109	1
95	114	2
96	7	2
96	55	1
96	56	2
96	58	2
96	78	1
96	89	2
96	126	2
96	128	1
96	133	1
96	144	2
97	3	1
97	32	2
97	37	2
97	74	1
97	119	1
97	145	1
98	11	1
98	46	1
98	53	2
98	56	2
98	80	1
98	123	2
99	30	2
99	38	2
99	92	1
99	109	2
99	142	1
99	148	2
100	13	2
100	46	2
100	54	2
100	76	1
100	93	1
100	102	2
100	120	1
101	85	1
101	92	1
101	148	2
102	30	1
102	37	1
102	46	1
102	55	1
102	123	2
102	143	2
103	24	1
103	25	2
103	53	1
103	73	1
103	76	2
103	88	2
103	112	2
103	124	1
103	125	1
103	136	1
103	143	1
104	4	1
104	56	1
104	96	2
104	130	1
104	135	1
105	15	2
105	30	1
105	78	2
105	90	1
105	141	1
105	143	2
106	6	1
106	40	1
106	62	2
106	111	1
106	126	2
106	136	1
107	39	2
107	48	1
107	57	1
107	87	2
107	105	1
107	108	1
107	116	2
107	124	2
107	130	1
107	147	2
108	6	1
108	22	2
108	53	1
108	65	2
108	78	2
108	134	1
108	141	2
109	33	1
109	80	2
109	85	1
109	91	1
109	118	2
110	1	1
110	13	1
110	52	1
110	57	2
110	68	1
110	73	1
110	105	1
110	109	1
110	118	2
110	129	1
110	139	1
111	19	1
111	25	2
111	32	1
111	47	1
111	91	1
111	97	2
111	98	2
111	100	1
112	28	2
112	68	1
112	78	2
112	81	1
112	88	1
112	102	1
112	115	1
112	116	1
112	146	1
113	19	2
113	20	2
113	40	2
113	75	2
113	120	1
113	127	1
114	50	1
114	88	2
114	98	2
114	108	1
114	113	1
114	125	1
114	127	1
115	1	2
115	12	2
115	23	1
115	34	1
115	37	1
115	44	1
115	65	2
115	72	1
115	84	1
115	111	1
115	134	1
116	30	1
116	33	2
116	41	2
116	45	2
116	80	2
116	149	1
117	32	2
117	52	1
117	79	1
117	84	1
118	18	1
118	24	2
118	57	1
118	69	2
119	29	2
119	44	2
119	48	1
119	63	2
119	84	2
119	113	1
119	120	1
119	131	2
119	137	2
120	7	1
120	46	2
120	71	2
120	75	2
120	83	2
120	90	1
120	108	2
120	126	1
121	77	2
121	128	1
121	149	1
122	6	1
122	18	1
122	22	1
122	27	2
122	63	2
122	121	1
122	133	2
122	139	1
122	144	2
122	149	1
123	9	2
123	77	2
123	113	1
123	114	1
123	146	2
124	9	1
124	12	1
124	45	1
124	56	2
124	71	2
124	75	2
124	104	2
124	130	2
124	134	2
124	149	2
125	7	2
125	87	1
125	90	2
125	141	1
125	148	2
126	4	2
126	22	2
126	34	1
126	42	1
126	45	2
126	46	2
126	66	1
126	78	1
126	81	2
126	90	1
126	95	2
126	98	2
126	120	1
126	146	2
127	25	2
127	36	2
127	80	2
127	92	2
127	129	2
128	6	1
128	10	2
128	19	2
128	22	2
128	24	1
128	61	2
128	65	2
128	74	1
128	94	1
128	97	1
128	106	2
128	115	2
128	139	1
129	4	1
129	23	2
129	52	1
129	64	1
129	66	2
129	85	2
130	6	2
130	19	2
130	23	2
130	25	2
130	35	1
130	53	2
130	56	1
130	63	1
130	77	2
130	88	2
130	93	2
130	117	1
131	1	2
131	6	1
131	28	2
131	32	2
131	68	1
131	70	1
131	86	1
131	126	2
131	138	2
132	16	2
132	48	1
132	85	1
132	98	2
132	125	2
132	128	2
132	143	2
133	4	2
133	17	2
133	27	2
133	49	1
133	62	1
133	75	2
133	90	1
133	101	1
133	104	2
133	129	2
133	132	2
133	149	2
134	6	1
134	23	1
134	27	2
134	75	1
134	84	1
134	114	1
135	38	2
135	55	1
135	62	1
135	67	1
135	81	1
135	90	1
135	96	1
135	105	1
136	0	2
136	61	2
136	125	1
136	142	2
137	2	1
137	8	1
137	46	2
137	64	1
137	92	2
137	107	2
137	114	2
137	116	1
138	6	1
138	35	2
138	39	2
138	52	2
138	62	2
138	81	2
138	85	1
138	87	2
138	102	2
138	110	2
138	139	1
138	147	1
139	2	1
139	5	1
139	61	2
139	73	1
139	120	1
139	133	2
139	141	2
140	38	2
140	57	2
140	71	2
140	81	1
140	102	2
141	16	1
141	19	2
141	38	1
141	40	2
141	60	2
141	85	1
141	98	2
142	5	2
142	61	1
142	77	2
142	102	2
142	110	2
143	24	2
143	43	1
143	80	2
143	81	1
143	131	2
143	141	2
143	143	1
144	2	2
144	12	1
144	22	2
144	27	1
144	47	1
144	62	1
144	114	2
144	126	1
144	130	1
144	131	2
145	0	1
145	3	2
145	10	1
145	20	2
145	28	2
145	30	2
145	35	1
145	76	1
145	92	1
145	95	1
145	105	2
145	106	2
145	126	2
146	55	1
146	66	2
146	82	2
146	99	2
146	106	2
146	116	1
147	30	2
147	32	2
147	62	2
147	96	2
147	101	1
147	105	2
147	107	2
147	121	1
147	123	1
147	143	2
148	6	1
148	31	1
148	102	2
148	105	1
148	108	1
148	132	1
149	28	1
149	31	2
149	56	1
149	82	2
149	87	1
