0	3	1
0	63	1
0	67	2
0	71	2
0	84	2
0	89	2
0	111	1
0	118	2
0	124	2
0	141	2
1	21	2
1	48	2
1	79	2
1	81	2
1	115	2
1	129	2
2	64	1
2	77	2
2	95	1
2	97	1
2	99	2
2	136	1
3	19	2
3	49	1
3	73	2
3	76	2
3	119	2
3	121	1
4	24	2
4	28	1
4	39	1
4	51	1
4	52	2
4	55	1
4	63	1
4	96	1
4	116	2
4	130	1
4	139	1
5	32	2
5	42	2
5	82	1
5	113	2
5	133	1
5	145	1
6	0	2
6	15	1
6	40	1
6	95	1
6	96	1
6	114	1
7	22	1
7	44	1
7	45	2
7	112	1
7	123	1
7	146	1
8	5	2
8	12	2
8	35	1
8	112	2
9	23	2
9	25	1
9	38	2
9	47	2
9	52	2
9	73	1
9	80	1
9	85	2
9	107	2
9	111	1
9	141	2
10	22	2
10	26	2
10	64	2
10	142	1
11	6	2
11	13	2
11	21	1
11	51	1
11	101	2
11	102	2
11	105	2
11	125	2
12	6	1
12	15	1
12	46	1
12	98	1
12	140	1
13	32	2
13	47	2
13	71	2
13	76	2
13	108	2
13	135	2
14	18	1
14	56	2
14	63	2
14	84	2
14	124	2
15	17	1
15	30	2
15	57	2
15	103	2
15	129	1
16	6	1
16	21	2
16	23	2
16	40	2
16	84	1
16	97	2
16	109	1
16	115	2
16	130	2
17	21	1
17	93	2
17	130	2
18	41	2
18	59	1
18	105	1
18	114	2
18	141	1
19	3	2
19	45	1
19	46	2
19	62	1
19	71	2
19	107	1
19	126	2
20	37	1
20	47	2
20	51	2
20	64	1
20	68	2
20	80	1
20	83	2
20	101	1
20	106	1
20	119	1
20	149	2
21	30	2
21	40	1
21	44	2
21	45	1
21	65	1
21	108	2
21	117	2
21	146	2
22	0	1
22	37	1
22	78	2
22	101	1
22	109	2
22	124	2
23	1	2
23	31	2
23	32	1
23	91	1
23	109	2
23	123	2
23	135	1
23	139	2
23	140	2
24	7	2
24	34	1
24	37	1
24	42	1
24	45	1
24	48	2
24	56	1
24	76	2
24	88	1
24	113	2
24	119	1
24	129	2
25	39	1
25	55	1
25	68	2
25	74	1
25	78	1
25	81	2
25	82	1
25	102	2
26	19	1
26	30	2
26	52	1
26	70	2
26	89	2
26	92	1
26	98	2
26	111	1
27	3	1
27	7	2
27	10	2
27	31	1
27	38	1
27	91	2
27	106	2
28	0	1
28	34	2
28	46	1
28	64	2
28	90	1
28	104	2
28	133	1
28	137	2
28	147	1
29	1	1
29	6	1
29	32	1
29	35	2
29	48	1
29	68	1
29	80	2
29	114	1
29	143	1
30	3	2
30	7	2
30	14	2
30	20	1
30	46	1
30	81	1
30	104	1
30	135	1
31	10	1
31	72	1
31	93	2
31	103	2
32	47	2
32	114	1
32	133	2
32	140	2
32	144	2
33	38	2
33	77	2
33	78	1
33	109	1
33	117	1
33	149	2
34	5	2
34	22	2
34	52	1
34	107	2
34	119	2
34	131	1
34	141	1
34	143	2
35	43	1
35	51	2
35	84	2
35	93	2
35	132	1
36	11	2
36	23	2
36	36	1
36	73	1
36	77	2
36	139	2
36	141	1
37	9	2
37	43	2
37	50	1
37	52	1
37	55	2
37	62	2
37	67	1
37	85	1
37	106	1
37	125	1
37	126	2
38	6	1
38	25	2
38	32	2
38	35	1
38	71	2
38	87	2
38	123	2
38	136	1
38	147	2
39	3	2
39	92	2
39	126	1
40	35	2
40	53	1
40	88	1
40	111	2
40	131	1
41	38	1
41	87	2
41	102	2
41	114	1
41	121	2
41	128	2
41	134	1
41	143	2
41	148	2
42	9	2
42	17	2
42	32	2
42	53	2
42	95	2
42	121	2
43	12	1
43	24	2
43	42	2
43	70	2
43	73	2
43	105	2
43	129	1
43	130	1
44	0	2
44	5	1
44	13	1
44	39	1
44	41	1
44	46	2
44	108	2
44	109	1
44	114	2
44	126	1
44	132	2
44	145	1
45	8	1
45	76	2
45	81	2
45	87	2
45	95	2
45	120	2
45	143	1
46	2	2
46	90	2
46	101	2
46	106	1
46	107	2
46	108	1
46	116	1
46	146	2
47	35	2
47	59	2
47	71	1
47	78	2
47	105	1
47	134	2
48	34	1
48	38	2
48	44	2
48	48	2
48	86	2
48	113	2
48	119	1
48	128	1
48	134	1
48	137	2
48	146	2
49	1	2
49	37	2
49	38	1
49	40	2
49	70	1
49	101	1
49	143	1
50	9	2
50	25	1
50	43	1
50	59	1
50	116	1
50	136	2
51	10	1
51	52	2
51	74	2
51	98	1
52	11	2
52	27	1
52	53	1
52	98	2
52	129	1
52	133	1
53	20	1
53	23	1
53	33	2
53	40	1
53	47	2
53	60	2
53	62	1
53	85	2
53	112	2
53	131	1
53	133	1
53	143	1
54	6	1
54	56	2
54	58	2
54	64	2
54	78	1
54	82	2
55	38	2
55	73	2
55	105	1
55	118	1
56	6	1
56	62	1
56	94	1
56	96	1
56	107	2
56	142	1
57	5	2
57	13	2
57	73	1
57	86	2
57	92	1
57	128	1
57	134	1
58	24	2
58	63	1
58	97	1
58	126	2
58	130	1
59	52	2
59	67	1
59	116	1
59	135	2
59	148	2
60	51	1
60	68	1
60	89	2
60	92	1
60	93	2
60	128	2
60	135	1
60	149	2
61	13	2
61	36	1
61	75	2
61	85	1
61	101	2
61	127	1
61	132	2
62	24	1
62	36	2
62	37	1
62	68	1
62	75	1
62	95	1
62	115	1
62	125	2
62	126	2
63	1	1
63	23	2
63	75	1
63	78	1
63	94	2
63	96	1
63	104	1
63	109	1
63	110	1
63	113	2
63	114	2
63	143	1
64	21	1
64	53	2
64	77	2
64	79	1
64	125	2
65	1	2
65	18	1
65	25	1
65	28	2
65	68	2
65	74	1
65	80	1
65	84	2
65	101	2
65	116	2
65	125	2
66	7	2
66	45	1
66	50	2
66	56	2
66	58	1
66	68	2
66	75	2
66	81	1
66	122	2
66	134	2
66	137	1
67	16	2
67	20	1
67	68	2
67	70	2
67	91	1
67	94	2
67	117	1
67	121	2
67	125	1
67	136	1
67	139	2
67	146	2
68	6	1
68	8	2
68	42	2
68	65	1
68	84	1
68	128	2
69	2	1
69	25	2
69	30	1
69	59	2
69	77	2
69	82	2
69	93	1
69	94	1
69	107	2
69	125	1
69	135	1
69	141	1
70	56	2
70	61	2
70	76	2
70	84	2
70	148	2
71	55	2
71	56	2
71	62	2
71	79	1
71	90	2
71	143	2
72	1	1
72	16	1
72	31	1
72	38	2
72	61	2
72	81	2
72	85	2
72	89	1
72	106	2
72	112	2
72	129	2
72	147	1
73	8	1
73	33	2
73	39	2
73	48	2
73	55	2
73	91	1
73	102	2
73	108	2
73	120	1
73	123	1
73	148	2
74	13	1
74	44	1
74	57	1
74	84	2
74	90	2
74	112	1
75	39	1
75	47	2
75	57	2
75	62	1
75	88	1
75	89	2
75	93	1
75	116	2
76	12	1
76	39	2
76	71	1
76	75	2
76	96	2
76	115	2
76	147	1
77	0	1
77	55	2
77	79	2
77	84	2
77	90	2
77	97	2
77	141	2
78	29	1
78	41	2
78	133	2
78	134	2
79	12	2
79	14	1
79	22	1
79	69	2
79	81	2
79	130	2
79	132	2
79	147	1
80	21	2
80	100	2
81	42	2
81	74	2
81	90	1
81	95	1
81	114	1
81	125	2
81	133	2
81	143	2
81	144	2
82	6	1
82	22	1
82	84	1
82	99	2
82	138	2
83	29	1
83	45	2
83	85	2
83	88	2
83	89	1
83	95	1
83	101	2
84	1	2
84	6	1
84	16	2
84	31	1
84	36	1
84	39	2
84	59	1
84	62	2
84	144	1
84	149	1
85	7	2
85	26	2
85	38	1
85	83	2
85	92	2
85	110	2
85	115	1
85	119	1
85	148	2
86	56	2
86	65	1
86	68	1
86	105	2
86	108	1
86	117	1
86	123	2
86	133	2
86	140	1
86	141	1
86	142	1
87	18	2
87	19	1
87	27	2
87	48	1
87	51	2
87	80	2
87	84	2
87	90	2
87	107	2
87	131	2
87	141	2
87	142	1
87	143	2
88	17	2
88	24	2
88	38	1
88	56	2
88	62	2
88	71	1
88	80	1
88	116	2
88	132	1
88	137	2
89	6	2
89	15	1
89	56	2
89	61	2
89	92	1
89	125	1
89	127	2
89	146	1
90	19	2
90	23	2
90	45	2
90	53	2
90	71	1
90	85	1
90	98	1
90	136	1
91	0	2
91	10	1
91	34	2
91	56	2
91	68	2
91	83	2
91	86	1
91	129	2
91	135	1
92	0	2
92	3	2
92	8	2
92	19	1
92	22	2
92	49	2
92	57	2
92	66	2
92	126	2
92	137	2
93	13	2
93	48	1
93	54	2
93	72	2
93	84	2
93	115	2
93	116	1
94	14	1
94	31	1
94	137	2
95	23	2
95	28	2
95	48	1
95	56	1
95	64	1
95	88	2
95	90	1
95	97	2
95	144	1
96	41	1
96	50	1
96	55	2
96	59	1
96	75	1
96	90	2
96	108	2
96	118	2
96	122	2
96	129	2
97	10	2
97	22	1
97	47	1
97	55	1
97	80	1
97	103	2
98	19	2
98	37	2
98	73	1
98	124	2
98	126	1
98	137	1
99	33	2
99	52	2
99	56	1
99	83	1
99	85	2
99	126	2
100	2	2
100	10	2
100	28	1
100	48	2
100	55	1
100	73	2
100	121	1
101	45	1
101	145	2
101	148	1
102	19	2
102	67	2
102	77	1
102	88	1
102	118	1
102	120	1
103	1	2
103	4	1
103	6	2
103	35	1
103	66	1
103	71	2
103	77	1
103	104	1
103	115	1
103	121	1
103	148	2
104	5	1
104	20	1
104	33	1
104	34	1
104	98	2
105	23	2
105	43	1
105	82	2
105	97	1
105	105	1
105	149	2
106	30	1
106	74	1
106	82	2
106	112	1
106	114	1
106	122	2
107	33	1
107	62	2
107	74	2
107	81	1
107	82	1
107	94	2
107	95	1
107	100	1
107	106	2
107	135	2
108	4	1
108	12	2
108	32	1
108	50	2
108	65	1
108	96	2
108	105	2
109	10	2
109	27	1
109	85	1
109	112	1
109	125	2
110	9	1
110	23	2
110	46	1
110	62	2
110	67	1
110	71	1
110	76	1
110	98	1
110	102	1
110	106	1
110	147	1
111	55	1
111	56	1
111	102	2
111	116	1
111	130	1
111	132	1
111	133	2
111	143	2
112	22	1
112	44	1
112	47	1
112	48	1
112	62	2
112	65	1
112	69	1
112	78	2
112	93	1
113	6	2
113	13	2
113	38	1
113	72	2
113	82	2
113	139	1
114	31	1
114	37	1
114	61	1
114	87	2
114	96	2
114	113	1
114	149	1
115	6	2
115	13	1
115	28	1
115	33	1
115	35	1
115	58	1
115	62	1
115	63	1
115	71	2
115	88	2
115	107	1
116	10	1
116	40	2
116	61	1
116	78	2
116	97	2
116	123	2
117	2	1
117	51	1
117	61	2
117	92	1
118	50	2
118	77	1
118	107	2
118	109	1
119	6	2
119	43	2
119	46	2
119	84	2
119	101	2
119	105	1
119	108	2
119	120	1
119	145	1
120	17	2
120	19	1
120	33	2
120	78	1
120	91	1
120	106	2
120	122	2
120	149	2
121	23	1
121	51	2
121	128	1
122	5	1
122	10	1
122	23	2
122	25	2
122	67	1
122	111	1
122	114	2
122	118	2
122	120	1
122	128	1
123	12	1
123	58	2
123	71	2
123	130	2
123	140	1
124	46	2
124	57	2
124	65	2
124	71	1
124	74	2
124	97	2
124	103	2
124	125	1
124	140	1
124	143	2
125	28	2
125	31	2
125	63	1
125	82	2
125	102	1
126	4	2
126	13	2
126	16	1
126	19	2
126	23	2
126	32	1
126	39	1
126	51	1
126	54	1
126	87	2
126	107	2
126	124	2
126	127	1
126	149	2
127	20	2
127	46	2
127	58	2
127	75	2
127	135	2
128	2	1
128	24	1
128	75	2
128	76	2
128	80	1
128	92	1
128	95	1
128	105	2
128	118	2
128	132	2
128	133	2
128	134	1
128	140	2
129	58	1
129	67	1
129	86	2
129	115	1
129	134	2
129	143	2
130	11	2
130	42	2
130	51	2
130	54	1
130	69	1
130	73	2
130	75	2
130	80	2
130	82	2
130	88	2
130	101	1
130	120	1
131	2	2
131	4	2
131	44	2
131	57	2
131	81	1
131	104	1
131	107	1
131	138	1
131	141	2
132	13	1
132	22	2
132	50	2
132	85	2
132	91	2
132	117	2
132	128	1
133	28	1
133	29	2
133	34	2
133	49	2
133	76	2
133	85	2
133	90	1
133	96	1
133	130	2
133	141	2
133	142	2
133	144	1
134	27	1
134	44	1
134	69	2
134	77	1
134	90	1
134	108	1
135	55	2
135	59	1
135	67	1
135	76	1
135	89	1
135	117	1
135	126	1
135	142	1
136	31	2
136	32	2
136	112	1
136	113	2
137	4	2
137	11	2
137	22	1
137	54	2
137	65	2
137	78	1
137	81	1
137	101	1
138	12	2
138	27	2
138	46	2
138	54	2
138	58	1
138	60	2
138	67	1
138	81	2
138	92	2
138	97	1
138	98	2
138	144	1
139	28	1
139	37	1
139	47	1
139	62	2
139	98	2
139	102	2
139	116	1
140	11	2
140	64	1
140	66	2
140	81	2
140	136	2
141	8	2
141	31	1
141	36	2
141	56	2
141	72	1
141	78	2
141	124	1
142	22	1
142	70	2
142	81	2
142	83	2
142	95	2
143	51	1
143	81	2
143	85	2
143	94	2
143	119	1
143	130	1
143	139	2
144	12	2
144	31	1
144	38	2
144	60	1
144	75	2
144	77	1
144	88	2
144	106	1
144	125	1
144	142	1
145	7	1
145	34	1
145	40	1
145	45	2
145	51	2
145	94	2
145	108	2
145	114	2
145	124	1
145	136	2
145	137	1
145	146	1
145	149	2
146	6	2
146	61	1
146	63	2
146	102	2
146	111	2
146	113	1
147	30	2
147	31	2
147	35	2
147	66	2
147	81	2
147	94	2
147	105	1
147	132	2
147	143	1
147	149	1
148	12	1
148	19	1
148	28	1
148	54	1
148	78	1
148	89	2
149	42	1
149	125	2
149	131	1
149	142	1
149	146	2
