0	26	2
0	28	2
0	48	2
0	64	1
0	68	2
0	81	2
0	93	1
0	127	2
0	143	2
0	149	1
1	6	2
1	9	2
1	71	2
1	80	2
1	81	2
1	134	2
2	23	1
2	38	1
2	45	1
2	81	2
2	105	2
2	113	1
3	21	2
3	28	1
3	56	1
3	76	2
3	84	2
3	97	2
4	13	2
4	25	1
4	45	2
4	57	1
4	73	1
4	77	1
4	88	1
4	90	2
4	97	1
4	104	1
4	137	1
5	0	2
5	3	1
5	12	2
5	56	2
5	62	1
5	143	1
6	12	1
6	33	1
6	52	1
6	66	2
6	78	1
6	141	1
7	22	2
7	35	1
7	106	1
7	111	1
7	117	1
7	130	1
8	21	2
8	79	1
8	85	2
8	149	2
9	13	1
9	36	1
9	52	2
9	55	2
9	57	2
9	76	2
9	84	2
9	88	2
9	105	1
9	126	1
9	133	2
10	27	2
10	33	2
10	97	2
10	134	1
11	1	1
11	6	2
11	74	2
11	84	1
11	87	2
11	114	2
11	129	2
11	143	2
12	12	1
12	86	1
12	104	1
12	118	1
12	145	1
13	38	2
13	51	2
13	53	2
13	124	2
13	147	2
13	149	2
14	16	2
14	27	2
14	84	2
14	88	1
14	105	2
15	1	1
15	55	2
15	57	2
15	115	2
15	123	1
16	44	2
16	75	1
16	81	2
16	91	2
16	92	1
16	95	2
16	121	2
16	122	2
16	141	1
17	25	2
17	90	1
17	115	2
18	69	1
18	92	2
18	97	1
18	101	2
18	138	1
19	10	1
19	22	2
19	23	2
19	40	1
19	77	2
19	82	1
19	133	2
20	9	1
20	13	1
20	36	1
20	37	1
20	56	2
20	62	2
20	81	2
20	93	1
20	96	2
20	118	1
20	129	2
21	18	2
21	27	2
21	32	1
21	37	2
21	99	2
21	114	2
21	129	1
21	137	1
22	42	1
22	52	1
22	56	2
22	75	2
22	85	2
22	125	1
23	9	2
23	12	2
23	37	2
23	46	1
23	65	1
23	85	2
23	114	2
23	137	1
23	142	2
24	11	2
24	13	2
24	17	1
24	29	2
24	48	2
24	58	1
24	62	1
24	81	1
24	82	1
24	133	1
24	141	2
24	143	1
25	22	1
25	46	1
25	56	1
25	59	2
25	105	1
25	108	2
25	116	2
25	146	1
26	27	2
26	31	1
26	40	2
26	41	2
26	65	2
26	81	1
26	94	1
26	139	1
27	5	2
27	7	2
27	33	1
27	60	2
27	97	1
27	106	1
27	143	2
28	5	1
28	6	2
28	66	1
28	71	1
28	88	2
28	119	1
28	120	2
28	125	1
28	142	2
29	3	2
29	48	1
29	52	1
29	56	2
29	70	1
29	95	1
29	117	1
29	132	1
29	148	1
30	34	1
30	63	1
30	80	2
30	88	2
30	90	1
30	125	1
30	128	1
30	141	2
31	30	1
31	70	2
31	101	1
31	102	2
32	22	2
32	77	2
32	112	2
32	121	1
32	128	2
33	28	1
33	79	1
33	111	1
33	125	2
33	132	2
33	142	2
34	37	2
34	45	2
34	48	2
34	76	1
34	101	1
34	105	2
34	135	2
34	146	1
35	19	2
35	23	1
35	52	2
35	68	1
35	92	2
36	56	2
36	91	2
36	101	2
36	102	2
36	117	1
36	130	1
36	131	1
37	2	1
37	36	1
37	55	1
37	60	2
37	68	1
37	78	2
37	90	2
37	101	2
37	112	1
37	126	1
37	141	2
38	6	2
38	40	2
38	41	2
38	42	2
38	61	2
38	70	1
38	92	2
38	102	1
38	117	1
39	19	2
39	45	2
39	121	1
40	32	2
40	94	2
40	114	1
40	116	1
40	124	1
41	0	2
41	35	2
41	42	2
41	85	1
41	94	2
41	108	1
41	116	2
41	130	1
41	147	2
42	13	2
42	34	2
42	35	2
42	55	2
42	98	2
42	112	2
43	8	2
43	24	2
43	28	1
43	45	2
43	108	1
43	119	1
43	125	2
43	140	2
44	4	1
44	10	2
44	13	2
44	17	2
44	24	1
44	51	1
44	62	1
44	75	2
44	96	2
44	100	1
44	109	1
44	116	1
45	20	2
45	64	2
45	76	2
45	102	1
45	105	2
45	106	2
45	125	1
46	10	2
46	17	1
46	33	2
46	59	2
46	77	1
46	112	2
46	113	1
46	125	2
47	1	2
47	54	2
47	58	1
47	75	2
47	76	1
47	107	2
48	6	2
48	8	2
48	10	2
48	20	2
48	46	2
48	72	2
48	77	1
48	82	1
48	123	1
48	126	2
48	146	1
49	3	2
49	10	2
49	42	1
49	91	2
49	106	1
49	114	1
49	135	1
50	14	2
50	39	1
50	56	1
50	58	2
50	95	1
50	143	1
51	4	2
51	30	1
51	65	2
51	78	1
52	16	2
52	45	1
52	66	1
52	78	1
52	115	2
52	125	1
53	4	1
53	11	1
53	35	1
53	54	2
53	71	2
53	73	2
53	74	1
53	77	1
53	80	1
53	82	1
53	98	2
53	113	2
54	6	2
54	58	2
54	71	1
54	81	2
54	92	2
54	130	1
55	38	1
55	48	1
55	52	2
55	144	2
56	22	2
56	30	1
56	34	1
56	50	1
56	78	1
56	119	1
57	28	2
57	70	2
57	71	1
57	77	1
57	78	2
57	98	1
57	119	1
58	38	1
58	51	2
58	75	1
58	137	2
58	149	1
59	1	2
59	48	2
59	97	2
59	104	1
59	115	1
60	49	2
60	62	1
60	63	2
60	66	2
60	77	1
60	108	1
60	132	2
60	137	1
61	40	2
61	54	1
61	67	1
61	89	2
61	107	2
61	112	2
61	119	1
62	46	1
62	55	1
62	56	2
62	59	1
62	73	2
62	81	2
62	82	1
62	88	1
62	106	1
63	2	2
63	31	2
63	59	1
63	65	1
63	67	1
63	81	1
63	93	1
63	96	2
63	105	1
63	130	1
63	132	2
63	140	1
64	10	1
64	54	1
64	91	2
64	107	2
64	130	2
65	6	1
65	23	1
65	37	1
65	40	2
65	43	1
65	56	2
65	73	2
65	86	2
65	101	2
65	131	2
65	144	2
66	6	2
66	15	2
66	16	1
66	51	2
66	55	2
66	75	2
66	93	2
66	102	2
66	117	1
66	129	1
66	146	1
67	19	1
67	26	1
67	34	2
67	73	2
67	89	2
67	94	2
67	96	1
67	97	2
67	120	2
67	124	1
67	132	1
67	134	2
68	22	1
68	50	2
68	71	1
68	90	2
68	96	1
68	149	2
69	32	1
69	39	2
69	56	2
69	78	2
69	81	1
69	84	1
69	88	1
69	89	2
69	90	1
69	98	2
69	119	1
69	134	1
70	6	2
70	44	2
70	56	2
70	69	2
70	94	2
71	21	2
71	41	2
71	109	2
71	129	2
71	146	2
71	148	1
72	10	1
72	36	2
72	43	2
72	47	1
72	48	2
72	62	1
72	67	1
72	87	2
72	88	1
72	97	2
72	98	2
72	134	2
73	12	1
73	19	2
73	21	1
73	22	2
73	37	2
73	81	2
73	89	1
73	90	2
73	92	2
73	125	2
73	144	1
74	3	2
74	47	2
74	74	1
74	105	1
74	139	1
74	146	1
75	11	1
75	32	1
75	50	2
75	55	1
75	71	2
75	95	2
75	120	1
75	143	2
76	31	2
76	39	2
76	46	1
76	53	2
76	93	1
76	135	2
76	137	1
77	15	1
77	19	2
77	55	2
77	64	2
77	69	2
77	90	2
77	113	2
78	4	2
78	78	2
78	126	2
78	142	1
79	12	1
79	34	2
79	67	1
79	84	2
79	101	2
79	109	2
79	131	2
79	149	1
80	33	2
80	92	2
81	24	2
81	35	1
81	81	2
81	84	1
81	90	1
81	118	2
81	130	2
81	132	2
81	141	2
82	36	2
82	52	1
82	80	1
82	124	2
82	133	1
83	18	2
83	19	1
83	31	2
83	40	1
83	84	1
83	85	2
83	135	2
84	1	2
84	9	1
84	20	1
84	74	2
84	76	1
84	85	1
84	105	1
84	109	1
84	111	2
84	114	2
85	19	1
85	46	2
85	47	2
85	51	1
85	62	1
85	73	2
85	77	2
85	92	2
85	146	2
86	3	2
86	4	2
86	13	2
86	34	1
86	49	1
86	58	1
86	71	2
86	88	1
86	116	1
86	122	1
86	126	1
87	1	2
87	10	2
87	49	1
87	53	2
87	62	2
87	68	2
87	81	2
87	83	2
87	84	2
87	96	2
87	108	2
87	135	1
87	145	1
88	21	2
88	40	1
88	44	1
88	65	2
88	68	1
88	110	2
88	112	2
88	122	2
88	140	2
88	143	1
89	14	2
89	45	1
89	50	1
89	63	2
89	95	2
89	103	1
89	129	1
89	132	2
90	61	1
90	62	1
90	82	1
90	85	1
90	87	2
90	104	2
90	118	2
90	146	2
91	23	1
91	32	2
91	52	2
91	54	2
91	59	1
91	82	2
91	84	2
91	130	1
91	143	2
92	5	2
92	11	1
92	12	2
92	71	2
92	94	2
92	109	2
92	113	2
92	123	2
92	144	2
92	145	2
93	19	2
93	47	2
93	48	2
93	68	1
93	124	2
93	142	1
93	147	2
94	23	2
94	79	1
94	98	1
95	23	1
95	30	2
95	31	1
95	51	2
95	78	1
95	99	2
95	140	1
95	142	1
95	147	2
96	13	2
96	25	1
96	71	2
96	103	2
96	106	2
96	114	1
96	120	2
96	136	1
96	137	2
96	143	1
97	23	2
97	43	1
97	62	1
97	70	1
97	127	2
97	141	1
98	6	2
98	61	2
98	75	1
98	80	1
98	109	1
98	148	2
99	14	2
99	61	1
99	74	2
99	109	1
99	136	2
99	143	2
100	7	2
100	25	1
100	46	2
100	87	2
100	133	1
100	143	1
100	148	2
101	51	1
101	59	1
101	123	2
102	5	1
102	21	1
102	33	1
102	48	1
102	61	2
102	69	2
103	1	2
103	7	1
103	8	1
103	39	1
103	55	2
103	65	1
103	67	1
103	83	2
103	98	1
103	114	2
103	135	1
104	38	1
104	58	1
104	107	1
104	125	2
104	149	1
105	8	1
105	39	1
105	54	2
105	56	2
105	80	1
105	116	2
106	45	1
106	50	1
106	53	1
106	83	1
106	133	2
106	139	2
107	22	1
107	51	2
107	64	1
107	89	2
107	91	1
107	114	1
107	119	2
107	135	2
107	136	1
107	148	2
108	22	1
108	25	2
108	31	1
108	35	1
108	44	2
108	71	2
108	112	2
109	38	2
109	77	1
109	80	1
109	129	1
109	143	2
110	6	1
110	12	1
110	62	1
110	78	1
110	95	2
110	116	1
110	125	1
110	126	1
110	128	1
110	139	2
110	148	1
111	19	2
111	47	2
111	68	1
111	84	1
111	116	2
111	131	1
111	137	1
111	139	1
112	2	1
112	5	2
112	50	2
112	64	1
112	65	1
112	98	1
112	107	1
112	147	1
112	149	1
113	48	2
113	102	2
113	106	2
113	120	2
113	135	1
113	141	1
114	25	1
114	39	2
114	46	1
114	89	2
114	92	1
114	136	1
114	141	1
115	31	1
115	32	1
115	35	1
115	39	1
115	44	2
115	62	2
115	64	2
115	67	1
115	81	1
115	121	1
115	136	1
116	11	2
116	24	1
116	51	2
116	55	1
116	107	2
116	148	2
117	33	1
117	47	2
117	57	1
117	72	1
118	22	2
118	43	2
118	47	1
118	82	1
119	0	1
119	20	2
119	30	1
119	32	2
119	38	2
119	95	2
119	104	2
119	115	2
119	134	1
120	18	2
120	42	1
120	74	2
120	100	2
120	115	1
120	128	1
120	138	2
120	141	2
121	7	1
121	12	1
121	28	2
122	2	2
122	3	2
122	32	1
122	61	2
122	63	1
122	107	1
122	108	1
122	112	1
122	114	2
122	121	1
123	23	2
123	24	2
123	53	1
123	84	2
123	136	1
124	6	1
124	8	2
124	22	2
124	31	1
124	38	2
124	51	2
124	68	2
124	103	1
124	111	2
124	130	2
125	0	1
125	44	2
125	46	2
125	90	1
125	133	2
126	6	1
126	7	2
126	28	2
126	67	1
126	73	2
126	89	2
126	94	1
126	95	2
126	97	1
126	107	1
126	125	1
126	129	2
126	135	2
126	147	2
127	16	2
127	76	2
127	87	2
127	93	2
127	140	2
128	2	2
128	7	1
128	42	1
128	63	1
128	85	2
128	94	1
128	105	1
128	108	2
128	113	2
128	118	1
128	130	2
128	134	2
128	139	2
129	23	1
129	75	2
129	76	1
129	102	1
129	120	2
129	145	2
130	15	2
130	17	2
130	31	2
130	57	2
130	68	1
130	75	2
130	98	2
130	101	2
130	128	2
130	134	1
130	142	1
130	144	1
131	47	2
131	71	1
131	78	2
131	79	2
131	80	1
131	90	1
131	107	1
131	110	2
131	142	2
132	45	1
132	58	2
132	67	2
132	72	2
132	83	1
132	113	2
132	149	2
133	0	2
133	20	1
133	31	2
133	38	1
133	41	1
133	56	2
133	63	2
133	83	2
133	85	2
133	108	1
133	115	2
133	124	2
134	6	1
134	13	1
134	38	1
134	101	2
134	116	1
134	143	1
135	28	1
135	31	1
135	85	1
135	105	2
135	114	1
135	126	1
135	127	1
135	140	1
136	13	2
136	64	2
136	84	2
136	91	1
137	19	1
137	38	2
137	55	2
137	57	1
137	68	1
137	78	2
137	108	2
137	128	1
138	10	2
138	29	1
138	37	2
138	39	1
138	42	2
138	62	2
138	82	1
138	96	1
138	101	2
138	102	2
138	106	2
138	116	2
139	1	2
139	23	1
139	80	1
139	82	1
139	103	1
139	123	2
139	149	2
140	29	2
140	43	2
140	89	2
140	132	2
140	133	1
141	27	2
141	35	2
141	46	1
141	60	1
141	93	1
141	102	2
141	106	2
142	72	2
142	73	2
142	76	1
142	95	2
142	122	2
143	0	2
143	2	1
143	6	1
143	59	2
143	74	2
143	125	1
143	140	2
144	0	2
144	5	1
144	24	2
144	28	1
144	47	1
144	86	1
144	101	2
144	111	1
144	133	1
144	136	2
145	6	2
145	23	2
145	61	1
145	67	2
145	73	1
145	95	2
145	96	2
145	107	2
145	118	1
145	121	2
145	123	1
145	133	1
145	144	1
146	34	2
146	44	1
146	51	1
146	75	2
146	85	2
146	126	2
147	37	2
147	63	2
147	71	1
147	85	2
147	86	2
147	115	2
147	124	1
147	126	2
147	128	2
147	131	1
148	32	2
148	107	1
148	108	1
148	111	1
148	117	1
148	126	1
149	30	2
149	38	1
149	51	2
149	128	1
149	141	1
