2.367775763074557102e-02
1.821472154309352123e-02
1.424747689937551874e-02
1.228463828253249270e-02
9.933738270774483681e-03
8.708373643457889557e-03
8.062986191362142563e-03
7.526445202529430389e-03
7.046970810430745573e-03
6.573172441373269052e-03
6.028805859386920929e-03
5.246056903464098482e-03
4.201448212067286463e-03
3.778567576470474258e-03
4.120177977407972307e-03
3.292408927033344760e-03
3.083373924406866088e-03
2.911166501386711850e-03
2.764676581136882305e-03
2.627440049157788501e-03
2.492191561032086611e-03
2.357016763805101171e-03
2.222700975835323334e-03
2.094780385959893465e-03
1.976979644193003430e-03
1.868638753270109422e-03
1.767232315614819527e-03
1.670308275303493016e-03
1.576128823217004538e-03
1.483960620438059099e-03
1.393493905197829008e-03
1.305493788095191121e-03
1.221259764861315489e-03
1.142722971659774654e-03
1.072472679273535736e-03
1.013799541397020221e-03
9.665252776661267245e-04
9.284469803484777248e-04
8.860586967784911394e-04
7.704811287112534046e-04
6.866540837412079537e-04
6.473972268092135227e-04
6.154963824277123177e-04
5.859577795490622520e-04
5.589642532868310809e-04
5.347497935872524977e-04
5.127900561395412051e-04
4.920983725848296917e-04
4.721863272910316604e-04
4.534545150818303227e-04
4.365001271556441802e-04
4.218324756948277354e-04
4.104140243725851178e-04
4.050806892337277532e-04
4.166870785411447287e-04
4.487010155571624637e-04
3.434414466028101742e-04
3.258706880539345425e-04
3.281473303407740909e-04
3.308884964402143973e-04
3.281970930402167141e-04
3.095039355685003102e-04
2.910474698486116845e-04
2.770883414389875847e-04
2.647899576307584661e-04
2.560559223638847470e-04
2.502565330360084772e-04
2.452228606368104798e-04
2.400165903964079916e-04
2.345699734481362095e-04
2.290228439960628748e-04
2.234966644512799969e-04
2.180594262123728702e-04
2.127396704357427946e-04
2.075375911469260761e-04
2.024466496853468409e-04
1.974646365852095187e-04
1.926079227511460492e-04
1.878971233963966370e-04
1.833123945592281809e-04
1.787291839718818665e-04
1.740795002357723722e-04
1.694854921273266366e-04
1.650503121103004953e-04
1.608650418347679079e-04
1.569872147229034454e-04
1.534280684912422141e-04
1.502253459572481522e-04
1.475408813954951772e-04
1.456038359416803876e-04
1.446514118773241928e-04
1.450737812168275407e-04
1.477515215810853988e-04
1.549406855095488420e-04
1.729438893865638813e-04
2.166177073377184570e-04
3.105569218557017726e-04
1.452487692101082364e-04
1.289172735899531683e-04
1.081816117221023887e-04
