0	8	2
0	59	2
0	69	2
1	0	1
1	1	1
1	24	2
1	28	1
1	37	2
1	49	2
1	50	2
1	68	2
1	89	2
1	90	2
2	18	2
2	30	1
2	41	2
2	71	2
3	1	2
3	13	2
3	21	1
3	40	2
3	67	2
4	54	1
5	16	2
5	20	1
5	29	1
5	46	2
5	99	2
6	0	2
6	26	2
6	59	1
7	18	2
7	30	1
7	58	2
7	59	1
7	74	1
7	97	2
8	8	1
8	12	2
8	52	2
9	32	2
9	34	2
9	37	1
9	57	1
9	61	2
9	72	2
10	5	2
10	64	1
10	80	2
10	86	1
11	1	1
11	42	1
11	48	1
11	58	1
11	63	2
11	72	1
11	79	2
12	10	2
12	16	2
12	20	1
12	71	1
12	80	1
12	88	1
12	91	1
12	92	2
13	7	2
13	11	1
13	13	2
13	68	2
13	74	2
14	34	1
14	62	1
15	7	1
15	9	1
15	14	2
15	67	2
15	72	2
15	74	1
15	93	1
15	94	1
16	17	1
16	68	1
16	80	2
16	88	1
16	98	2
17	19	1
17	40	1
17	62	2
17	68	1
17	77	1
18	15	1
18	19	2
18	21	2
18	22	2
18	35	1
18	40	1
18	44	2
18	66	2
19	7	2
19	23	1
19	37	2
19	82	2
20	17	2
20	29	1
20	92	2
21	10	1
21	14	2
21	58	1
21	60	1
22	0	2
22	63	2
22	67	1
22	74	2
22	85	1
22	93	1
23	28	1
23	52	1
23	72	2
24	13	1
24	21	1
24	26	2
24	38	1
24	44	1
24	76	1
25	47	1
26	4	2
26	24	2
26	41	1
26	55	1
26	60	1
26	87	2
26	90	1
27	22	1
27	23	2
27	28	1
27	74	2
28	7	1
28	12	2
28	58	2
28	66	1
28	79	1
28	93	2
29	7	2
29	35	2
29	79	1
29	84	1
29	90	1
29	94	1
30	22	1
30	77	2
31	22	1
31	63	2
31	70	2
31	79	1
32	4	2
32	11	2
32	57	2
32	58	2
32	73	2
32	84	1
33	13	2
33	42	1
33	50	1
33	54	2
33	67	2
33	70	2
34	7	2
34	17	1
34	37	2
34	38	2
34	45	1
34	46	1
34	88	1
34	98	2
35	20	2
35	33	1
35	40	2
35	51	1
35	88	1
35	96	1
36	26	1
36	87	1
37	14	2
37	18	2
37	53	2
37	62	2
38	4	1
38	9	1
38	36	1
38	42	2
38	52	1
38	73	1
38	84	1
39	0	2
39	53	2
39	91	1
40	3	1
40	26	1
40	48	2
40	72	2
41	2	1
41	23	2
41	38	2
41	51	1
41	67	2
41	69	2
42	37	1
42	40	1
42	48	2
42	52	2
42	71	1
43	6	2
43	15	2
43	24	2
43	38	2
43	47	2
43	69	1
43	97	2
43	98	2
44	21	1
44	43	2
44	57	1
44	58	2
44	69	2
44	86	1
44	93	2
45	7	1
45	16	2
45	47	2
45	63	1
45	83	1
46	2	2
46	5	2
46	29	2
46	40	1
46	57	2
46	62	1
46	83	1
46	91	1
47	50	1
48	10	2
48	13	1
48	26	2
48	33	2
48	59	2
48	85	2
49	9	1
49	31	2
49	32	2
49	40	2
49	43	2
50	7	1
50	11	2
50	13	2
50	26	1
50	41	1
50	68	1
50	80	2
50	82	1
51	4	2
51	54	1
51	56	2
51	59	2
51	68	2
51	82	1
51	99	1
52	5	1
52	12	1
52	16	2
52	40	2
52	41	1
52	96	1
53	0	1
53	45	2
53	58	1
53	78	2
54	31	2
54	44	2
54	74	2
55	17	1
55	35	1
55	51	2
55	55	2
55	67	1
55	92	1
56	4	1
56	5	1
56	20	1
56	32	2
56	48	2
56	63	2
57	18	2
57	31	1
57	49	2
57	61	2
57	62	2
58	38	2
58	43	1
58	51	1
58	90	1
58	96	2
59	33	1
59	35	1
59	41	1
59	53	1
59	75	2
59	81	1
60	33	1
60	39	1
60	88	1
60	99	2
61	6	1
61	8	2
61	13	2
61	30	1
61	52	1
61	63	2
61	68	1
61	81	2
61	83	2
62	12	2
62	23	2
62	29	2
62	40	1
62	66	2
63	23	1
63	28	1
63	58	2
63	64	1
63	76	2
63	79	1
63	97	1
64	2	2
64	17	1
64	55	1
64	64	2
64	79	2
65	13	1
65	47	2
66	15	2
66	27	2
66	68	1
66	99	2
67	2	1
67	13	1
67	43	1
67	47	1
67	51	1
67	93	1
68	3	2
68	31	2
68	90	1
68	93	1
69	36	2
69	51	2
70	2	1
70	30	1
70	49	1
70	67	1
70	74	2
70	90	1
71	1	2
71	13	1
71	22	1
71	37	1
71	41	1
71	76	2
71	92	2
72	35	1
72	55	1
72	77	1
73	23	2
73	40	2
73	64	1
73	87	2
74	51	1
74	71	1
74	73	2
74	86	1
74	89	1
75	32	1
75	40	2
75	58	2
75	89	1
76	9	2
76	54	2
76	76	1
76	89	2
76	96	2
77	1	2
77	15	1
77	85	2
77	98	2
78	9	2
78	10	2
79	11	1
79	31	1
79	38	1
79	55	1
79	69	1
79	79	2
79	85	1
80	1	2
80	48	2
80	54	2
80	84	2
81	12	1
81	30	2
81	52	2
81	74	2
81	92	2
82	0	1
82	19	2
82	20	1
82	38	2
82	41	1
82	99	2
83	21	2
83	35	1
85	32	1
85	48	1
85	65	1
85	76	2
85	78	1
85	93	1
85	95	1
86	21	1
86	36	1
86	54	2
86	62	2
86	72	1
86	79	1
87	22	1
87	38	1
87	44	2
87	63	2
87	91	1
87	97	2
88	5	2
88	20	2
88	43	2
88	46	1
88	67	1
89	24	2
89	34	1
89	55	2
90	2	1
90	10	1
90	12	2
90	15	2
90	17	1
90	18	2
90	35	2
90	60	1
90	62	2
90	70	1
90	81	2
90	86	1
90	91	1
91	0	2
91	7	1
91	45	1
91	53	2
91	77	2
91	83	1
92	17	1
93	18	2
93	21	1
93	37	1
93	47	1
93	90	1
94	37	2
94	47	2
94	78	1
94	96	2
95	0	1
95	41	2
95	60	1
95	91	1
95	94	1
95	95	2
96	2	1
96	31	1
96	56	1
96	96	1
97	3	1
97	41	2
97	45	2
97	60	2
97	78	1
97	81	1
97	94	1
98	7	2
98	16	2
98	20	1
98	45	2
98	84	2
98	92	2
99	7	1
99	22	1
99	35	2
99	39	2
99	49	2
99	81	2
