0	17	2
0	21	2
0	69	2
1	7	2
1	13	1
1	18	1
1	24	2
1	41	2
1	52	1
1	72	2
1	81	2
1	92	2
1	99	2
2	32	2
2	35	2
2	50	2
2	54	1
3	37	2
3	38	1
3	44	2
3	85	2
3	89	2
4	84	1
5	13	1
5	32	2
5	35	2
5	46	2
5	63	1
6	8	2
6	33	2
6	59	1
7	22	2
7	40	1
7	44	2
7	68	1
7	90	2
7	92	1
8	13	2
8	89	2
8	90	1
9	26	2
9	31	2
9	40	2
9	41	1
9	61	2
9	81	1
10	29	2
10	40	1
10	55	2
10	79	1
11	4	1
11	13	2
11	28	1
11	38	1
11	45	1
11	74	1
11	86	2
12	4	2
12	14	1
12	29	1
12	41	1
12	42	1
12	51	2
12	69	2
12	78	1
13	37	2
13	41	2
13	66	1
13	74	2
13	77	2
14	12	1
14	42	1
15	58	1
15	67	1
15	76	2
15	86	1
15	90	2
15	91	2
15	93	1
15	97	1
16	7	1
16	20	1
16	60	1
16	90	2
16	96	2
17	51	2
17	53	1
17	74	1
17	77	1
17	86	1
18	9	2
18	24	1
18	41	2
18	44	2
18	73	1
18	80	2
18	91	2
18	97	1
19	20	2
19	36	2
19	48	2
19	55	1
20	4	1
20	31	2
20	49	2
21	46	1
21	63	1
21	76	2
21	99	1
22	2	2
22	9	1
22	30	2
22	35	1
22	59	2
22	83	1
23	51	1
23	52	1
23	59	2
24	7	1
24	47	1
24	58	1
24	72	1
24	80	2
24	94	1
25	54	1
26	7	2
26	13	1
26	22	1
26	28	2
26	32	1
26	33	2
26	63	1
27	54	1
27	88	2
27	91	1
27	99	2
28	1	1
28	2	2
28	14	2
28	38	2
28	74	1
28	85	1
29	17	1
29	31	1
29	35	2
29	67	1
29	81	2
29	98	1
30	15	2
30	62	1
31	3	1
31	13	2
31	84	1
31	99	2
32	0	2
32	3	1
32	33	2
32	55	2
32	61	2
32	72	2
33	8	1
33	14	2
33	53	2
33	57	2
33	59	2
33	90	1
34	5	1
34	11	1
34	33	1
34	38	1
34	40	2
34	68	2
34	76	2
34	84	2
35	27	2
35	30	1
35	48	1
35	67	2
35	83	1
35	88	1
36	20	1
36	73	1
37	21	2
37	28	2
37	54	2
37	94	2
38	39	1
38	46	2
38	47	1
38	63	1
38	68	1
38	81	1
38	93	1
39	64	1
39	70	2
39	78	2
40	0	1
40	7	1
40	26	2
40	29	2
41	26	2
41	40	2
41	62	2
41	72	1
41	78	1
41	96	2
42	1	2
42	32	1
42	48	1
42	96	1
42	98	2
43	2	1
43	3	2
43	21	2
43	22	2
43	38	2
43	41	2
43	56	2
43	68	2
44	9	1
44	19	1
44	40	2
44	55	1
44	68	2
44	69	2
44	79	2
45	2	2
45	10	1
45	48	1
45	74	1
45	88	2
46	13	1
46	24	2
46	36	1
46	37	2
46	38	2
46	43	1
46	73	1
46	94	2
47	18	1
48	0	2
48	5	2
48	7	2
48	38	2
48	67	2
48	85	1
49	5	2
49	21	2
49	58	1
49	62	2
49	84	2
50	5	1
50	11	2
50	13	1
50	30	2
50	44	1
50	45	2
50	62	1
50	82	1
51	2	1
51	11	1
51	17	2
51	29	2
51	40	1
51	41	2
51	67	2
52	1	2
52	18	1
52	19	1
52	26	2
52	40	1
52	91	1
53	50	2
53	87	1
53	96	2
53	98	1
54	23	2
54	85	2
54	90	2
55	0	1
55	47	2
55	58	1
55	79	2
55	89	1
55	90	1
56	0	1
56	4	1
56	18	2
56	23	1
56	48	2
56	54	2
57	47	2
57	49	2
57	58	2
57	79	2
57	95	1
58	12	2
58	67	2
58	71	1
58	79	1
58	81	1
59	7	1
59	12	1
59	17	1
59	19	2
59	24	1
59	60	1
60	56	1
60	62	1
60	77	1
60	79	2
61	10	2
61	13	2
61	22	1
61	35	2
61	37	1
61	41	1
61	58	2
61	62	1
61	92	2
62	2	1
62	10	2
62	30	2
62	35	2
62	57	2
63	1	1
63	20	2
63	22	1
63	45	2
63	47	1
63	88	1
63	93	1
64	15	1
64	43	1
64	82	2
64	83	2
64	93	2
65	23	1
65	87	2
66	23	2
66	60	2
66	75	2
66	79	1
67	15	1
67	17	1
67	26	1
67	63	1
67	74	1
67	80	1
68	31	2
68	32	1
68	36	2
68	67	1
69	59	2
69	78	2
70	0	1
70	15	1
70	17	2
70	22	1
70	40	1
70	70	1
71	2	2
71	8	1
71	13	1
71	28	1
71	37	2
71	54	2
71	92	1
72	34	1
72	52	1
72	68	1
73	26	2
73	31	1
73	34	2
73	96	2
74	5	1
74	7	2
74	16	1
74	30	1
74	51	1
75	39	1
75	58	2
75	60	1
75	79	2
76	16	2
76	50	2
76	62	2
76	63	2
76	68	1
77	4	1
77	40	2
77	51	2
77	66	2
78	11	2
78	22	2
79	7	1
79	12	2
79	23	1
79	40	1
79	49	1
79	52	1
79	68	1
80	52	2
80	71	2
80	93	2
80	97	2
81	0	2
81	12	2
81	38	1
81	49	2
81	89	2
82	0	1
82	15	2
82	53	1
82	65	2
82	92	1
82	93	2
83	55	1
83	80	2
85	10	1
85	18	1
85	47	1
85	66	1
85	69	2
85	74	1
85	94	1
86	21	1
86	23	2
86	37	2
86	42	1
86	52	1
86	71	1
87	1	1
87	7	2
87	12	1
87	20	2
87	69	2
87	84	1
88	6	2
88	9	1
88	55	1
88	57	2
88	76	2
89	6	1
89	53	2
89	98	2
90	1	2
90	21	2
90	37	1
90	41	1
90	43	2
90	51	1
90	64	2
90	72	1
90	74	2
90	82	1
90	87	1
90	88	1
90	91	2
91	37	2
91	63	2
91	64	1
91	72	1
91	76	1
91	83	2
92	58	1
93	10	1
93	20	2
93	31	1
93	58	1
93	97	1
94	34	2
94	43	2
94	47	1
94	57	2
95	7	1
95	35	1
95	45	1
95	64	2
95	67	1
95	91	2
96	16	1
96	35	1
96	48	1
96	95	1
97	9	2
97	18	1
97	21	1
97	70	2
97	71	1
97	77	2
97	86	1
98	16	2
98	43	2
98	51	2
98	92	1
98	93	2
98	96	2
99	16	2
99	17	1
99	20	2
99	45	2
99	60	2
99	99	1
