9.994634389877319336e-01
4.058059751987457275e-01
-2.293234318494796753e-01
-2.762216031551361084e-01
2.731664478778839111e-01
-2.146254777908325195e-01
-3.308426141738891602e-01
1.924838423728942871e-01
-5.801791548728942871e-01
-7.191618084907531738e-01
1.495263099670410156e+00
4.827790856361389160e-01
1.583074480295181274e-01
-2.126508653163909912e-01
2.703905701637268066e-01
2.983049154281616211e-01
4.189455807209014893e-01
2.854968905448913574e-01
6.200557351112365723e-01
-4.972510505467653275e-03
-7.112766802310943604e-02
1.563528478145599365e-01
2.749786972999572754e-01
9.180821180343627930e-01
1.384436935186386108e-01
-4.668746888637542725e-01
-1.026874899864196777e+00
1.167258843779563904e-01
5.488553643226623535e-01
-3.291472196578979492e-01
3.376391530036926270e-01
-4.366506040096282959e-01
-7.398638129234313965e-01
9.275329709053039551e-01
-2.131500840187072754e-01
-4.976694583892822266e-01
-5.381042361259460449e-01
-6.797707080841064453e-01
1.887826919555664062e-01
9.757729172706604004e-01
-1.040041685104370117e+00
1.786990016698837280e-01
-1.110582113265991211e+00
7.780454754829406738e-01
-4.958984255790710449e-01
-4.121959209442138672e-01
-6.384016275405883789e-01
3.698390424251556396e-01
-4.936190322041511536e-02
4.531637132167816162e-01
1.246812567114830017e-02
9.312504529953002930e-02
-5.364609360694885254e-01
7.208338379859924316e-01
1.790869385004043579e-01
-2.494699321687221527e-02
-3.557251691818237305e-01
-1.529261767864227295e-01
-3.713777959346771240e-01
-5.911183953285217285e-01
4.078367725014686584e-02
3.340131342411041260e-01
-6.053690314292907715e-01
4.782416820526123047e-01
-1.276897341012954712e-01
5.785157680511474609e-01
6.494961977005004883e-01
2.216764241456985474e-01
9.204423427581787109e-02
3.955247700214385986e-01
-6.048557162284851074e-02
6.330561041831970215e-01
-5.050179958343505859e-01
4.210981130599975586e-01
-1.070399433374404907e-01
3.364043831825256348e-01
-7.848414778709411621e-02
-6.950494050979614258e-01
1.616860032081604004e-01
-1.295588135719299316e+00
-2.921599149703979492e-01
-1.950046420097351074e-01
8.317501544952392578e-01
-1.341590136289596558e-01
-1.256088819354772568e-02
-1.833006441593170166e-01
6.675798892974853516e-01
-4.496170282363891602e-01
3.778949975967407227e-01
3.421250581741333008e-01
-8.809121698141098022e-02
1.159752249717712402e+00
3.500965833663940430e-01
4.307791963219642639e-02
3.540958464145660400e-01
-4.312499463558197021e-01
2.422225922346115112e-01
6.378256082534790039e-01
-3.365522325038909912e-01
-1.149846911430358887e+00
7.993993163108825684e-01
-3.066252171993255615e-01
7.809582352638244629e-01
4.425863027572631836e-01
-4.427510499954223633e-01
8.364798426628112793e-01
3.418343961238861084e-01
4.105390608310699463e-02
1.148725152015686035e+00
-4.446239173412322998e-01
5.951176881790161133e-01
-9.000220894813537598e-01
-1.166592538356781006e-01
-2.732132673263549805e-01
-9.023778438568115234e-01
-2.854512259364128113e-02
6.791031956672668457e-01
-1.871124058961868286e-01
-4.108837842941284180e-01
-4.306248947978019714e-02
-3.015821874141693115e-01
-3.566578924655914307e-01
1.563926972448825836e-02
-1.312437534332275391e+00
-9.830256700515747070e-01
-3.212043270468711853e-02
-7.837107777595520020e-02
-1.808484941720962524e-01
