2.506975531578063965e-01
3.153599202632904053e-01
3.648158609867095947e-01
3.966238796710968018e-01
4.215959906578063965e-01
4.424525797367095947e-01
4.707031250000000000e-01
4.875139594078063965e-01
5.064871907234191895e-01
5.043247938156127930e-01
5.189034342765808105e-01
5.406668782234191895e-01
5.479910969734191895e-01
5.581752061843872070e-01
5.701729655265808105e-01
5.806361436843872070e-01
5.913783311843872070e-01
5.966796875000000000e-01
6.070731282234191895e-01
6.128627061843872070e-01
6.212332844734191895e-01
6.321149468421936035e-01
6.378348469734191895e-01
6.507393717765808105e-01
6.561802625656127930e-01
6.663643717765808105e-01
6.773856282234191895e-01
6.817103624343872070e-01
6.863141655921936035e-01
6.757115125656127930e-01
6.881975531578063965e-01
7.135881781578063965e-01
7.281668782234191895e-01
7.338169813156127930e-01
7.370954155921936035e-01
7.485351562500000000e-01
7.504882812500000000e-01
7.566266655921936035e-01
7.539759874343872070e-01
7.514648437500000000e-01
7.760881781578063965e-01
7.879464030265808105e-01
7.841796875000000000e-01
7.944335937500000000e-01
8.066406250000000000e-01
8.092913031578063965e-01
8.068498969078063965e-01
8.051060438156127930e-01
8.297293782234191895e-01
8.270089030265808105e-01
8.167549967765808105e-01
8.250557780265808105e-01
8.309151530265808105e-01
8.482840657234191895e-01
8.542829155921936035e-01
8.494001030921936035e-01
8.430524468421936035e-01
8.426339030265808105e-01
8.228236436843872070e-01
8.386579155921936035e-01
8.664899468421936035e-01
8.694196343421936035e-01
8.772321343421936035e-01
8.733258843421936035e-01
8.519810438156127930e-01
8.601422905921936035e-01
8.756975531578063965e-01
8.877650499343872070e-01
8.755580186843872070e-01
8.618861436843872070e-01
8.659319281578063965e-01
8.862304687500000000e-01
8.948102593421936035e-01
9.001813530921936035e-01
9.070870280265808105e-01
9.057617187500000000e-01
9.153878092765808105e-01
9.202706217765808105e-01
9.180384874343872070e-01
9.257115125656127930e-01
9.266182780265808105e-01
9.194335937500000000e-01
9.060407280921936035e-01
9.070172905921936035e-01
8.885323405265808105e-01
9.119698405265808105e-01
9.215959906578063965e-01
9.324776530265808105e-01
9.364537000656127930e-01
9.409179687500000000e-01
9.363839030265808105e-01
9.445452094078063965e-01
9.450334906578063965e-01
9.414759874343872070e-01
9.284319281578063965e-01
9.411272406578063965e-01
9.400809407234191895e-01
9.463587999343872070e-01
9.511718750000000000e-01
9.345005750656127930e-01
9.320591688156127930e-01
9.309430718421936035e-01
9.399414062500000000e-01
9.451729655265808105e-01
9.552176594734191895e-01
9.591239094734191895e-01
9.474748969078063965e-01
9.538225531578063965e-01
9.555664062500000000e-01
9.523577094078063965e-01
9.225725531578063965e-01
8.742327094078063965e-01
8.913922905921936035e-01
9.097377061843872070e-01
9.272460937500000000e-01
9.294782280921936035e-01
9.291294813156127930e-01
9.197823405265808105e-01
9.154576063156127930e-01
9.320591688156127930e-01
9.116210937500000000e-01
8.048270344734191895e-01
8.284040093421936035e-01
8.658621907234191895e-01
8.939034342765808105e-01
9.076451063156127930e-01
9.189453125000000000e-01
9.218052625656127930e-01
9.025530219078063965e-01
9.165039062500000000e-01
9.289899468421936035e-01
9.315010905265808105e-01
9.421038031578063965e-01
9.432198405265808105e-01
9.472656250000000000e-01
9.445452094078063965e-01
9.469168782234191895e-01
9.508231282234191895e-01
9.568917155265808105e-01
9.513114094734191895e-01
9.561942219734191895e-01
9.583565592765808105e-01
9.623326063156127930e-01
9.591239094734191895e-01
9.678431749343872070e-01
9.589146375656127930e-01
9.487304687500000000e-01
9.508231282234191895e-01
9.520089030265808105e-01
9.564034342765808105e-01
9.680524468421936035e-01
9.707031250000000000e-01
9.694475531578063965e-01
9.575892686843872070e-01
9.576590657234191895e-01
9.505440592765808105e-01
9.577985405921936035e-01
9.609375000000000000e-01
9.547991156578063965e-01
9.610072374343872070e-01
9.687500000000000000e-01
9.664481282234191895e-01
9.707031250000000000e-01
9.738420844078063965e-01
9.738420844078063965e-01
9.752371907234191895e-01
9.776785969734191895e-01
9.783063530921936035e-01
9.761439561843872070e-01
9.773297905921936035e-01
9.810965657234191895e-01
9.782366156578063965e-01
9.761439561843872070e-01
9.653320312500000000e-01
9.621930718421936035e-01
9.584263563156127930e-01
9.651227593421936035e-01
9.663085937500000000e-01
9.693778157234191895e-01
9.741210937500000000e-01
9.628208875656127930e-01
9.368024468421936035e-01
9.328961968421936035e-01
9.415457844734191895e-01
9.564732313156127930e-01
9.608677625656127930e-01
9.696568250656127930e-01
9.752371907234191895e-01
9.767020344734191895e-01
9.797711968421936035e-01
9.656807780265808105e-01
9.651924967765808105e-01
9.647042155265808105e-01
9.248744249343872070e-01
9.408482313156127930e-01
9.534737467765808105e-01
9.593331217765808105e-01
9.674944281578063965e-01
9.568917155265808105e-01
9.635184407234191895e-01
