2.469352198143799984e-02
2.079207574327786648e-02
1.490166209017237085e-02
1.219951842601100546e-02
9.717793514331182422e-03
8.768657688051462173e-03
8.169603223601976452e-03
7.584316733603675871e-03
6.939473018671075792e-03
6.329849013127386570e-03
5.797212438968320398e-03
5.242381206092734842e-03
4.607775287392239065e-03
4.065967126128573923e-03
3.684429723458985343e-03
3.381600564656158433e-03
3.139229258522391319e-03
2.946697291918098927e-03
2.786361398951461062e-03
2.641602244693785906e-03
2.500666615863641248e-03
2.356310549657791853e-03
2.204701071605086327e-03
2.044098742771893740e-03
1.874318579211831093e-03
1.699748293807109125e-03
1.532507895414407127e-03
1.387630928851043112e-03
1.271290597893918626e-03
1.178561418782919645e-03
1.101809612009674311e-03
1.035928435157984495e-03
9.775464714039117098e-04
9.246059635188430548e-04
8.760347263887524605e-04
8.314458536915481091e-04
7.910955755505710840e-04
7.560790108982473612e-04
7.265256523775557316e-04
6.915332439045110977e-04
6.407166462546834982e-04
6.169338885229080915e-04
6.608678280220677817e-04
6.181288578469926751e-04
6.044338175949329770e-04
5.404360805793354547e-04
5.042411115330954754e-04
5.068101939590027296e-04
4.685943422373384237e-04
4.675636688868204933e-04
4.409523777818928343e-04
4.408313786067689639e-04
4.145661417472486514e-04
4.127890133531764150e-04
4.016719030914828181e-04
3.817681426880881190e-04
3.773593828858186621e-04
3.720449700873966199e-04
3.545840057389189619e-04
3.401592742496480364e-04
3.358668618602678180e-04
3.318364809577663559e-04
3.188648746193696874e-04
3.027950491135318893e-04
2.943631649638215881e-04
2.950869190196196419e-04
2.970807205808038694e-04
2.877786731308636385e-04
2.694282229640521109e-04
2.571612688673970419e-04
2.609574876260012388e-04
2.832520549418404698e-04
3.245370074485738891e-04
2.961674108519218862e-04
2.518647888791747391e-04
2.559450052406949121e-04
2.176500638597644866e-04
2.191262489456372866e-04
2.374441343514869520e-04
2.278380222075308272e-04
1.996622377191670239e-04
2.018742428238814166e-04
2.215742861153557897e-04
2.538219608444099444e-04
2.566506251847992521e-04
2.088944869077143660e-04
2.004664129344746470e-04
2.269792845860744426e-04
1.952367092599160969e-04
1.820535835577175021e-04
1.769335067365318537e-04
2.196406154932143697e-04
2.215944623458199203e-04
1.810371638081657299e-04
1.750008256446259627e-04
1.984820482903160155e-04
2.133287537920599273e-04
1.731410011416301131e-04
1.704152188419053862e-04
1.557119042748430213e-04
