2.653459906578063965e-01
3.383091390132904053e-01
3.976004421710968018e-01
4.335239827632904053e-01
4.483816921710968018e-01
4.769112765789031982e-01
4.910714328289031982e-01
5.073939561843872070e-01
5.166712999343872070e-01
5.308314561843872070e-01
5.429687500000000000e-01
5.523856282234191895e-01
5.595703125000000000e-01
5.652204155921936035e-01
5.518973469734191895e-01
5.442243218421936035e-01
5.916573405265808105e-01
5.934709906578063965e-01
6.038643717765808105e-01
6.104212999343872070e-01
6.134207844734191895e-01
6.008649468421936035e-01
6.033063530921936035e-01
6.139090657234191895e-01
6.153739094734191895e-01
6.390206217765808105e-01
6.366490125656127930e-01
6.376255750656127930e-01
6.564592719078063965e-01
6.599469780921936035e-01
6.561802625656127930e-01
6.715959906578063965e-01
6.665736436843872070e-01
6.711774468421936035e-01
6.739676594734191895e-01
6.828961968421936035e-01
6.826869249343872070e-01
6.870814561843872070e-01
6.790596842765808105e-01
6.878487467765808105e-01
6.925920844078063965e-01
6.939173936843872070e-01
7.020089030265808105e-01
7.038225531578063965e-01
6.994977593421936035e-01
7.177734375000000000e-01
7.111467719078063965e-01
7.201451063156127930e-01
7.225167155265808105e-01
7.126116156578063965e-01
7.234235405921936035e-01
7.296317219734191895e-01
7.341657280921936035e-01
7.330496907234191895e-01
7.405831217765808105e-01
7.357003092765808105e-01
7.154715657234191895e-01
7.413504719734191895e-01
7.383509874343872070e-01
7.458844780921936035e-01
7.453264594078063965e-01
7.500697374343872070e-01
7.474888563156127930e-01
7.520228624343872070e-01
7.361188530921936035e-01
7.516043782234191895e-01
7.395368218421936035e-01
7.553710937500000000e-01
7.631835937500000000e-01
7.563476562500000000e-01
7.573939561843872070e-01
7.529994249343872070e-01
7.570452094078063965e-01
7.708565592765808105e-01
7.685546875000000000e-01
7.730189561843872070e-01
7.726702094078063965e-01
7.798548936843872070e-01
7.764369249343872070e-01
7.725306749343872070e-01
7.566266655921936035e-01
7.723912000656127930e-01
7.827845811843872070e-01
7.788783311843872070e-01
7.880859375000000000e-01
7.886439561843872070e-01
7.865513563156127930e-01
7.832728624343872070e-01
7.892020344734191895e-01
7.896205186843872070e-01
7.823660969734191895e-01
7.815987467765808105e-01
7.727399468421936035e-01
7.686244249343872070e-01
7.728794813156127930e-01
7.860630750656127930e-01
8.009905219078063965e-01
8.059430718421936035e-01
8.104771375656127930e-01
8.095703125000000000e-01
8.022460937500000000e-01
8.057337999343872070e-01
8.148018717765808105e-01
8.091517686843872070e-01
8.113839030265808105e-01
8.242884874343872070e-01
8.058035969734191895e-01
7.751813530921936035e-01
7.801339030265808105e-01
7.928292155265808105e-01
8.046177625656127930e-01
8.044782280921936035e-01
8.091517686843872070e-01
8.058733344078063965e-01
8.160575032234191895e-01
8.219866156578063965e-01
8.181501030921936035e-01
8.082450032234191895e-01
8.207310438156127930e-01
8.241490125656127930e-01
8.257533311843872070e-01
8.253348469734191895e-01
8.300083875656127930e-01
8.121512532234191895e-01
8.011997938156127930e-01
8.264508843421936035e-01
8.294503092765808105e-01
8.307059407234191895e-01
8.466099500656127930e-01
8.430524468421936035e-01
8.322405219078063965e-01
8.288225531578063965e-01
8.413783311843872070e-01
8.397042155265808105e-01
8.425641655921936035e-01
8.406807780265808105e-01
8.360770344734191895e-01
8.387974500656127930e-01
8.424944281578063965e-01
8.328682780265808105e-01
8.470284342765808105e-01
8.476562500000000000e-01
8.344726562500000000e-01
8.398437500000000000e-01
8.535853624343872070e-01
8.639788031578063965e-01
8.353096842765808105e-01
8.445870280265808105e-01
8.436104655265808105e-01
8.606305718421936035e-01
8.589564561843872070e-01
8.630719780921936035e-01
8.498883843421936035e-01
8.259626030921936035e-01
8.406807780265808105e-01
8.563057780265808105e-01
8.654436469078063965e-01
8.591657280921936035e-01
8.430524468421936035e-01
8.494001030921936035e-01
8.633509874343872070e-01
8.742327094078063965e-01
8.703264594078063965e-01
8.675362467765808105e-01
8.621651530265808105e-01
8.286830186843872070e-01
8.268694281578063965e-01
8.472377061843872070e-01
8.558174967765808105e-01
8.563755750656127930e-01
8.616071343421936035e-01
8.701171875000000000e-01
8.764648437500000000e-01
8.561663031578063965e-01
8.466099500656127930e-01
8.640485405921936035e-01
8.600028157234191895e-01
8.593052625656127930e-01
8.805803656578063965e-01
8.805803656578063965e-01
8.821149468421936035e-01
8.860211968421936035e-01
8.966239094734191895e-01
8.888811469078063965e-01
8.862304687500000000e-01
8.855329155921936035e-01
8.833705186843872070e-01
8.863700032234191895e-01
8.913225531578063965e-01
8.944615125656127930e-01
8.911830186843872070e-01
8.839285969734191895e-01
8.873465657234191895e-01
8.968331217765808105e-01
9.049246907234191895e-01
9.068080186843872070e-01
8.938336968421936035e-01
9.028320312500000000e-01
9.048548936843872070e-01
9.073660969734191895e-01
