4.905521869659423828e-01
-1.204804658889770508e+00
7.063584327697753906e-01
6.744244098663330078e-01
1.153273582458496094e+00
1.162262201309204102e+00
1.330052971839904785e+00
-2.526867985725402832e-01
1.324525952339172363e+00
-1.872881948947906494e-01
6.460186839103698730e-02
4.554279148578643799e-01
-2.138907760381698608e-01
-7.889669388532638550e-02
-6.857735514640808105e-01
1.513640046119689941e+00
4.775147736072540283e-01
1.024773642420768738e-01
1.971259117126464844e-01
-3.176088035106658936e-01
1.803012788295745850e-01
3.373910486698150635e-02
8.225942254066467285e-01
-2.285238206386566162e-01
-1.649357751011848450e-02
-7.377643585205078125e-01
8.627489805221557617e-01
-1.185023546218872070e+00
1.290073394775390625e-01
-7.488987445831298828e-01
2.672652304172515869e-01
-2.823552489280700684e-01
-1.360733747482299805e+00
1.031787022948265076e-01
-3.862056434154510498e-01
-6.263290047645568848e-01
-8.691727519035339355e-01
4.388562142848968506e-01
1.051540255546569824e+00
-1.442889571189880371e+00
-4.772070348262786865e-01
-2.969429492950439453e-01
1.539598345756530762e+00
-1.810825616121292114e-01
-2.146167159080505371e-01
-1.935322731733322144e-01
6.188776344060897827e-03
7.581714987754821777e-01
-3.301123082637786865e-01
1.294493317604064941e+00
9.864698052406311035e-01
1.113079428672790527e+00
-1.194274425506591797e+00
5.489798635244369507e-02
-4.929610490798950195e-01
-7.549303174018859863e-01
-5.051589608192443848e-01
1.492938876152038574e+00
7.960487008094787598e-01
6.523671150207519531e-01
6.498324275016784668e-01
6.277819871902465820e-01
-3.216230571269989014e-01
1.452994823455810547e+00
