4.683293700218200684e-01
1.611871123313903809e-01
1.170387938618659973e-01
-1.413325071334838867e-01
2.681484632194042206e-02
1.141762733459472656e-01
-5.062145739793777466e-02
2.261726558208465576e-02
-7.421279698610305786e-02
2.460039779543876648e-02
3.125920295715332031e-01
3.887139633297920227e-02
-1.080995518714189529e-02
2.567379474639892578e-01
-6.180871650576591492e-02
1.612251698970794678e-01
9.936664253473281860e-02
6.921392679214477539e-02
-2.041402459144592285e-01
7.661589980125427246e-02
-2.856664359569549561e-01
-1.079096719622612000e-01
1.515078265219926834e-02
5.578079819679260254e-02
3.325380384922027588e-02
-1.401976644992828369e-01
-1.088967546820640564e-01
7.303670793771743774e-02
3.025619983673095703e-01
-7.590575516223907471e-02
-2.496543340384960175e-02
-4.055033624172210693e-01
-3.302797377109527588e-01
-3.013921976089477539e-01
-8.745812624692916870e-02
-1.621460765600204468e-01
-1.881875395774841309e-01
-3.113822340965270996e-01
6.180308386683464050e-02
3.630139529705047607e-01
-5.765309929847717285e-02
3.758822754025459290e-02
-3.669387102127075195e-02
3.581859767436981201e-01
2.241021953523159027e-02
8.968072384595870972e-02
3.468811511993408203e-02
-3.742508124560117722e-03
8.136750012636184692e-02
4.191986322402954102e-01
1.289841979742050171e-01
2.299026548862457275e-01
2.595378458499908447e-01
2.847457528114318848e-01
1.251308619976043701e-01
-2.368770241737365723e-01
-7.425983995199203491e-02
-6.773676723241806030e-02
-9.678600728511810303e-02
-3.427030444145202637e-01
1.488312780857086182e-01
2.965778410434722900e-01
-1.044101268053054810e-01
6.415947526693344116e-02
-1.214978843927383423e-01
-7.151719182729721069e-02
-4.043356180191040039e-01
8.647301793098449707e-02
-2.821462228894233704e-02
2.887298166751861572e-01
1.319005191326141357e-01
1.955659836530685425e-01
-1.435585767030715942e-01
8.509497344493865967e-02
-3.631279468536376953e-01
9.860232472419738770e-02
1.074635460972785950e-01
-2.511658668518066406e-01
4.208265542984008789e-01
-4.801775217056274414e-01
1.183288916945457458e-01
5.399951711297035217e-03
1.669793725013732910e-01
4.597096145153045654e-02
5.693062767386436462e-02
-3.506763279438018799e-02
3.733204677700996399e-02
-3.674342632293701172e-01
6.002959981560707092e-02
-6.828486174345016479e-02
1.089844405651092529e-01
1.410026848316192627e-01
8.784796297550201416e-02
-8.568339049816131592e-02
-9.445948898792266846e-02
-5.113016963005065918e-01
1.238072142004966736e-01
1.407167613506317139e-01
-6.806714087724685669e-02
-4.083822667598724365e-01
1.536994427442550659e-01
5.244729574769735336e-03
-9.127810597419738770e-02
7.713027298450469971e-02
1.671520322561264038e-01
3.611703515052795410e-01
-3.504874184727668762e-02
1.091017201542854309e-02
5.229280889034271240e-02
-2.432184964418411255e-01
2.041832208633422852e-01
-3.161678016185760498e-01
7.362605631351470947e-02
1.017756238579750061e-01
-2.265370488166809082e-01
6.511198878288269043e-01
1.997717618942260742e-01
-3.400082886219024658e-02
-1.379885971546173096e-01
8.726876974105834961e-02
4.176223278045654297e-02
-2.552008815109729767e-02
-1.560277491807937622e-01
-2.319627702236175537e-01
-1.223955899477005005e-01
-8.473650366067886353e-02
1.926321163773536682e-02
-9.200782328844070435e-02
