2.778320312500000000e-01
3.677455484867095947e-01
4.243164062500000000e-01
4.593331515789031982e-01
4.814453125000000000e-01
5.036969780921936035e-01
5.225306749343872070e-01
5.386439561843872070e-01
5.597098469734191895e-01
5.619419813156127930e-01
5.714983344078063965e-01
5.826590657234191895e-01
5.968889594078063965e-01
6.101422905921936035e-01
6.170479655265808105e-01
6.176060438156127930e-01
6.149553656578063965e-01
6.383928656578063965e-01
6.373465657234191895e-01
6.511579155921936035e-01
6.557617187500000000e-01
6.611328125000000000e-01
6.556919813156127930e-01
6.652483344078063965e-01
6.702706217765808105e-01
6.766880750656127930e-01
6.773158311843872070e-01
6.824776530265808105e-01
6.926618218421936035e-01
6.859654188156127930e-01
6.938476562500000000e-01
7.074497938156127930e-01
6.967076063156127930e-01
7.121930718421936035e-01
7.110770344734191895e-01
7.148437500000000000e-01
7.172154188156127930e-01
7.280970811843872070e-01
7.207728624343872070e-01
7.159598469734191895e-01
7.288643717765808105e-01
7.387695312500000000e-01
7.409319281578063965e-01
7.430245280265808105e-01
7.473493218421936035e-01
7.453264594078063965e-01
7.366768717765808105e-01
7.465122938156127930e-01
7.464424967765808105e-01
7.521623969078063965e-01
7.596260905265808105e-01
7.554408311843872070e-01
7.488839030265808105e-01
7.646484375000000000e-01
7.538365125656127930e-01
7.551618218421936035e-01
7.596260905265808105e-01
7.709263563156127930e-01
7.693219780921936035e-01
7.640904188156127930e-01
7.670898437500000000e-01
7.829938530921936035e-01
7.827148437500000000e-01
7.721819281578063965e-01
7.693219780921936035e-01
7.735072374343872070e-01
7.849469780921936035e-01
7.814592719078063965e-01
7.955496907234191895e-01
7.951311469078063965e-01
7.792271375656127930e-01
7.922014594078063965e-01
7.915039062500000000e-01
7.860630750656127930e-01
7.920619249343872070e-01
7.933174967765808105e-01
7.996651530265808105e-01
7.944335937500000000e-01
7.974330186843872070e-01
8.104073405265808105e-01
8.146623969078063965e-01
8.076171875000000000e-01
7.968052625656127930e-01
8.008509874343872070e-01
7.967354655265808105e-01
8.064313530921936035e-01
8.106864094734191895e-01
8.015485405921936035e-01
8.155692219734191895e-01
8.198939561843872070e-01
8.242884874343872070e-01
8.191964030265808105e-01
8.247070312500000000e-01
8.261718750000000000e-01
8.186383843421936035e-01
8.334960937500000000e-01
8.309849500656127930e-01
8.232421875000000000e-01
8.309151530265808105e-01
8.179408311843872070e-01
8.251255750656127930e-01
8.278459906578063965e-01
8.360072374343872070e-01
8.339843750000000000e-01
8.399832844734191895e-01
8.406110405921936035e-01
8.516322374343872070e-01
8.393554687500000000e-01
8.413085937500000000e-01
8.436802625656127930e-01
8.440987467765808105e-01
8.415876030921936035e-01
8.536551594734191895e-01
8.544224500656127930e-01
8.443080186843872070e-01
8.448660969734191895e-01
8.616768717765808105e-01
8.571428656578063965e-01
8.537946343421936035e-01
8.592354655265808105e-01
8.550502061843872070e-01
8.644670844078063965e-01
8.611188530921936035e-01
8.588867187500000000e-01
8.547014594078063965e-01
8.602818250656127930e-01
8.523297905921936035e-01
8.639090657234191895e-01
8.581194281578063965e-01
8.556082844734191895e-01
8.583984375000000000e-01
8.648158311843872070e-01
8.670479655265808105e-01
8.564453125000000000e-01
8.599330186843872070e-01
8.639090657234191895e-01
8.758370280265808105e-01
8.637695312500000000e-01
8.777204155921936035e-01
8.759068250656127930e-01
8.772321343421936035e-01
8.758370280265808105e-01
8.713727593421936035e-01
8.756975531578063965e-01
8.764648437500000000e-01
8.656529188156127930e-01
8.655831217765808105e-01
8.735351562500000000e-01
8.668387532234191895e-01
8.785575032234191895e-01
8.786272406578063965e-01
8.831612467765808105e-01
8.791852593421936035e-01
8.632812500000000000e-01
8.791852593421936035e-01
8.791155219078063965e-01
8.837890625000000000e-01
8.752790093421936035e-01
8.763253092765808105e-01
8.818359375000000000e-01
8.825334906578063965e-01
8.918108344078063965e-01
8.845563530921936035e-01
8.889508843421936035e-01
8.859514594078063965e-01
8.846260905265808105e-01
8.831612467765808105e-01
8.807896375656127930e-01
8.863002061843872070e-01
8.926478624343872070e-01
8.729771375656127930e-01
8.738141655921936035e-01
8.963448405265808105e-01
8.902762532234191895e-01
8.899274468421936035e-01
8.953682780265808105e-01
8.950195312500000000e-01
8.954380750656127930e-01
9.015067219734191895e-01
8.886718750000000000e-01
8.872767686843872070e-01
8.978794813156127930e-01
8.871372938156127930e-01
9.073660969734191895e-01
8.969726562500000000e-01
9.002510905265808105e-01
9.031807780265808105e-01
8.964146375656127930e-01
8.977399468421936035e-01
9.045061469078063965e-01
9.008091688156127930e-01
9.098075032234191895e-01
8.995535969734191895e-01
9.061104655265808105e-01
9.047851562500000000e-01
9.061104655265808105e-01
9.095982313156127930e-01
8.946009874343872070e-01
9.040178656578063965e-01
8.958565592765808105e-01
9.029715657234191895e-01
