2.682059109210968018e-01
3.427734375000000000e-01
3.652343750000000000e-01
4.347098171710968018e-01
4.495675265789031982e-01
4.544503390789031982e-01
4.962332546710968018e-01
5.085100531578063965e-01
5.117884874343872070e-01
5.244837999343872070e-01
5.387137532234191895e-01
5.456194281578063965e-01
5.467354655265808105e-01
5.768694281578063965e-01
5.698939561843872070e-01
5.992606282234191895e-01
6.005859375000000000e-01
5.908900499343872070e-01
6.154436469078063965e-01
6.075614094734191895e-01
6.239537000656127930e-01
6.247209906578063965e-01
6.365792155265808105e-01
6.386021375656127930e-01
6.441825032234191895e-01
6.471121907234191895e-01
6.542968750000000000e-01
6.540876030921936035e-01
6.602259874343872070e-01
6.610630750656127930e-01
6.708287000656127930e-01
6.727120280265808105e-01
6.818498969078063965e-01
6.889648437500000000e-01
6.782923936843872070e-01
6.956612467765808105e-01
6.993582844734191895e-01
6.898716688156127930e-01
7.029854655265808105e-01
7.045898437500000000e-01
7.110072374343872070e-01
7.053571343421936035e-01
7.159598469734191895e-01
7.060546875000000000e-01
7.244698405265808105e-01
7.201451063156127930e-01
7.142159342765808105e-01
7.320033311843872070e-01
7.359095811843872070e-01
7.414202094078063965e-01
7.355608344078063965e-01
7.309570312500000000e-01
7.478376030921936035e-01
7.346540093421936035e-01
7.475585937500000000e-01
7.476981282234191895e-01
7.555803656578063965e-01
7.622070312500000000e-01
7.606026530265808105e-01
7.628348469734191895e-01
7.699497938156127930e-01
7.626953125000000000e-01
7.731584906578063965e-01
7.682756781578063965e-01
7.802734375000000000e-01
7.878069281578063965e-01
7.824358344078063965e-01
7.820172905921936035e-01
7.943638563156127930e-01
7.948521375656127930e-01
7.910156250000000000e-01
7.875279188156127930e-01
8.034319281578063965e-01
7.935965657234191895e-01
8.046177625656127930e-01
8.039202094078063965e-01
8.061523437500000000e-01
8.078961968421936035e-01
8.080357313156127930e-01
8.039202094078063965e-01
7.958984375000000000e-01
8.036412000656127930e-01
8.217773437500000000e-01
8.125697374343872070e-01
8.171038031578063965e-01
8.122209906578063965e-01
8.162667155265808105e-01
8.264508843421936035e-01
8.244977593421936035e-01
8.166852593421936035e-01
8.382393717765808105e-01
8.317522406578063965e-01
8.323799967765808105e-01
8.280552625656127930e-01
8.325195312500000000e-01
8.364955186843872070e-01
8.323799967765808105e-01
8.256138563156127930e-01
8.401924967765808105e-01
8.455635905265808105e-01
8.392159342765808105e-01
8.267996907234191895e-01
8.480747938156127930e-01
8.350306749343872070e-01
8.344029188156127930e-01
8.410295844078063965e-01
8.427037000656127930e-01
8.485630750656127930e-01
8.555384874343872070e-01
8.514229655265808105e-01
8.515625000000000000e-01
8.497489094734191895e-01
8.638392686843872070e-01
8.631417155265808105e-01
8.683035969734191895e-01
8.716517686843872070e-01
8.671875000000000000e-01
8.580496907234191895e-01
8.647460937500000000e-01
8.579798936843872070e-01
8.770228624343872070e-01
8.753487467765808105e-01
8.535853624343872070e-01
8.701869249343872070e-01
8.746512532234191895e-01
8.795340657234191895e-01
8.721400499343872070e-01
8.782086968421936035e-01
8.819754719734191895e-01
8.818359375000000000e-01
8.696986436843872070e-01
8.820452094078063965e-01
8.844866156578063965e-01
8.760462999343872070e-01
8.761160969734191895e-01
8.779296875000000000e-01
8.844866156578063965e-01
8.973214030265808105e-01
8.849051594734191895e-01
8.826729655265808105e-01
8.743721842765808105e-01
8.815569281578063965e-01
8.920898437500000000e-01
8.923688530921936035e-01
8.951590657234191895e-01
8.958565592765808105e-01
8.911132812500000000e-01
8.892298936843872070e-01
8.912528157234191895e-01
9.002510905265808105e-01
8.963448405265808105e-01
8.994140625000000000e-01
8.933454155921936035e-01
8.947405219078063965e-01
8.928571343421936035e-01
9.028320312500000000e-01
9.034598469734191895e-01
9.081333875656127930e-01
9.073660969734191895e-01
9.007393717765808105e-01
9.040178656578063965e-01
9.095982313156127930e-01
8.957170844078063965e-01
9.125976562500000000e-01
9.065290093421936035e-01
8.999720811843872070e-01
8.911132812500000000e-01
8.994837999343872070e-01
9.018554687500000000e-01
9.060407280921936035e-01
9.004603624343872070e-01
9.185267686843872070e-01
9.100167155265808105e-01
9.083426594734191895e-01
9.216657280921936035e-01
9.119001030921936035e-01
9.038783311843872070e-01
9.045758843421936035e-01
9.174804687500000000e-01
9.181082844734191895e-01
9.142717719078063965e-01
9.191545844078063965e-01
9.053431749343872070e-01
9.183872938156127930e-01
9.108538031578063965e-01
9.218052625656127930e-01
9.141322374343872070e-01
9.223632812500000000e-01
9.060407280921936035e-01
9.158760905265808105e-01
9.251534342765808105e-01
9.197823405265808105e-01
9.196428656578063965e-01
9.218052625656127930e-01
9.101562500000000000e-01
9.197823405265808105e-01
9.109235405921936035e-01
9.321289062500000000e-01
9.252929687500000000e-01
9.210379719734191895e-01
9.252232313156127930e-01
