2.969447672367095947e-01
3.530273437500000000e-01
3.899972140789031982e-01
4.294084906578063965e-01
4.453125000000000000e-01
4.690987765789031982e-01
4.916294515132904053e-01
4.925362765789031982e-01
5.156250000000000000e-01
5.311104655265808105e-01
5.322962999343872070e-01
5.516182780265808105e-01
5.534319281578063965e-01
5.691964030265808105e-01
5.710797905921936035e-01
5.655692219734191895e-01
5.884486436843872070e-01
6.029576063156127930e-01
5.989815592765808105e-01
6.112583875656127930e-01
6.182337999343872070e-01
6.187220811843872070e-01
6.150948405265808105e-01
6.300920844078063965e-01
6.075614094734191895e-01
6.281389594078063965e-01
6.411132812500000000e-01
6.544364094734191895e-01
6.539481282234191895e-01
6.593889594078063965e-01
6.633649468421936035e-01
6.604352593421936035e-01
6.602957844734191895e-01
6.704101562500000000e-01
6.697126030921936035e-01
6.874302625656127930e-01
6.893135905265808105e-01
6.873604655265808105e-01
6.933593750000000000e-01
6.964983344078063965e-01
6.992884874343872070e-01
7.024971842765808105e-01
6.785714030265808105e-01
6.981724500656127930e-01
7.085658311843872070e-01
7.096819281578063965e-01
7.100306749343872070e-01
6.987304687500000000e-01
7.029854655265808105e-01
7.220284342765808105e-01
7.077288031578063965e-01
7.178431749343872070e-01
7.230049967765808105e-01
7.245396375656127930e-01
7.221679687500000000e-01
7.217494249343872070e-01
7.343052625656127930e-01
7.388392686843872070e-01
7.418387532234191895e-01
7.241210937500000000e-01
7.289341688156127930e-01
7.280970811843872070e-01
7.377929687500000000e-01
7.514648437500000000e-01
7.423270344734191895e-01
7.479073405265808105e-01
7.494419813156127930e-01
7.545340657234191895e-01
7.607421875000000000e-01
7.542549967765808105e-01
7.318638563156127930e-01
7.552315592765808105e-01
7.585100531578063965e-01
7.583007812500000000e-01
7.687639594078063965e-01
7.694615125656127930e-01
7.684151530265808105e-01
7.742745280265808105e-01
7.568359375000000000e-01
7.613700032234191895e-01
7.523716688156127930e-01
7.617187500000000000e-01
7.657645344734191895e-01
7.693917155265808105e-01
7.731584906578063965e-01
7.848772406578063965e-01
7.872489094734191895e-01
7.836216688156127930e-01
7.758789062500000000e-01
7.862025499343872070e-01
7.910853624343872070e-01
7.832728624343872070e-01
7.898995280265808105e-01
7.966657280921936035e-01
7.952706217765808105e-01
7.912946343421936035e-01
7.829241156578063965e-01
7.961774468421936035e-01
8.005719780921936035e-01
7.953404188156127930e-01
7.728096842765808105e-01
7.774832844734191895e-01
7.927594780921936035e-01
7.903180718421936035e-01
8.041294813156127930e-01
8.085240125656127930e-01
8.071986436843872070e-01
8.058035969734191895e-01
8.090820312500000000e-01
8.140345811843872070e-01
7.887137532234191895e-01
8.089424967765808105e-01
8.105468750000000000e-01
8.178710937500000000e-01
8.138253092765808105e-01
8.065010905265808105e-01
7.928292155265808105e-01
8.084542155265808105e-01
8.111746907234191895e-01
8.222656250000000000e-01
8.288922905921936035e-01
8.202427625656127930e-01
8.217076063156127930e-01
8.239397406578063965e-01
8.264508843421936035e-01
8.220563530921936035e-01
8.025948405265808105e-01
8.202427625656127930e-01
8.319615125656127930e-01
8.293108344078063965e-01
8.284737467765808105e-01
8.298688530921936035e-01
8.367047905921936035e-01
8.279157280921936035e-01
8.297991156578063965e-01
8.347516655921936035e-01
8.305664062500000000e-01
8.321707844734191895e-01
8.347516655921936035e-01
8.355887532234191895e-01
8.313336968421936035e-01
8.235211968421936035e-01
8.191964030265808105e-01
8.313336968421936035e-01
8.321009874343872070e-01
8.423548936843872070e-01
8.329380750656127930e-01
8.468192219734191895e-01
8.355887532234191895e-01
8.491210937500000000e-01
8.436802625656127930e-01
8.481445312500000000e-01
8.398437500000000000e-01
8.432617187500000000e-01
8.424246907234191895e-01
8.518415093421936035e-01
8.339843750000000000e-01
8.530970811843872070e-01
8.564453125000000000e-01
8.413783311843872070e-01
8.402622938156127930e-01
8.505162000656127930e-01
8.564453125000000000e-01
8.363560438156127930e-01
8.550502061843872070e-01
8.553990125656127930e-01
8.651646375656127930e-01
8.609095811843872070e-01
8.545619249343872070e-01
8.639090657234191895e-01
8.675362467765808105e-01
8.664202094078063965e-01
8.682337999343872070e-01
8.678850531578063965e-01
8.683733344078063965e-01
8.749302625656127930e-01
8.732561469078063965e-01
8.611885905265808105e-01
8.696289062500000000e-01
8.666992187500000000e-01
8.574916124343872070e-01
8.563057780265808105e-01
8.732561469078063965e-01
8.576311469078063965e-01
8.759765625000000000e-01
8.757672905921936035e-01
8.760462999343872070e-01
8.814173936843872070e-01
8.773716688156127930e-01
8.794642686843872070e-01
8.807198405265808105e-01
8.764648437500000000e-01
8.700474500656127930e-01
8.566545844078063965e-01
8.556780219078063965e-01
8.338448405265808105e-01
7.878069281578063965e-01
8.185686469078063965e-01
8.404017686843872070e-01
8.530273437500000000e-01
