3.955510258674621582e-01
6.218023896217346191e-01
6.688416004180908203e-01
6.934285163879394531e-01
7.057306170463562012e-01
7.192339897155761719e-01
7.302094697952270508e-01
7.370238304138183594e-01
7.450351119041442871e-01
7.518105506896972656e-01
7.516852021217346191e-01
7.555568814277648926e-01
7.611916065216064453e-01
7.631447315216064453e-01
7.669774889945983887e-01
7.684034705162048340e-01
7.690818309783935547e-01
7.742239236831665039e-01
7.747813463211059570e-01
7.758486866950988770e-01
7.778795361518859863e-01
7.808956503868103027e-01
7.825765609741210938e-01
7.817728519439697266e-01
7.845383286476135254e-01
7.887989282608032227e-01
7.881205081939697266e-01
7.897063493728637695e-01
7.881896495819091797e-01
7.901211380958557129e-01
7.909551262855529785e-01
7.936601042747497559e-01
7.955484390258789062e-01
7.955873012542724609e-01
7.968058586120605469e-01
7.981669902801513672e-01
7.977522015571594238e-01
7.992818355560302734e-01
8.006473183631896973e-01
8.008503913879394531e-01
8.009195327758789062e-01
8.030541539192199707e-01
8.012263178825378418e-01
8.043331503868103027e-01
8.042597174644470215e-01
8.056769967079162598e-01
8.067745566368103027e-01
8.071073293685913086e-01
8.076085448265075684e-01
8.081443309783935547e-01
8.078375458717346191e-01
8.086369633674621582e-01
8.084079623222351074e-01
8.109530806541442871e-01
8.108839392662048340e-01
8.117697238922119141e-01
8.113937973976135254e-01
8.126901388168334961e-01
8.140901327133178711e-01
8.143105506896972656e-01
8.152222633361816406e-01
8.153476119041442871e-01
8.144919872283935547e-01
8.163501024246215820e-01
8.163889646530151367e-01
8.150580525398254395e-01
8.169679641723632812e-01
8.178495168685913086e-01
8.180395960807800293e-01
8.164105415344238281e-01
8.184673786163330078e-01
8.208180665969848633e-01
8.180698752403259277e-01
8.181217312812805176e-01
8.203945755958557129e-01
8.203297853469848633e-01
8.218421339988708496e-01
8.208267092704772949e-01
8.225551247596740723e-01
8.222829103469848633e-01
8.209477066993713379e-01
8.236267566680908203e-01
8.225983381271362305e-01
8.229526877403259277e-01
8.236051797866821289e-01
8.235965371131896973e-01
8.218421339988708496e-01
8.255064487457275391e-01
8.249706029891967773e-01
8.272607922554016113e-01
8.254718780517578125e-01
8.257138133049011230e-01
8.268718719482421875e-01
8.266558647155761719e-01
8.261113762855529785e-01
8.239378929138183594e-01
8.275632858276367188e-01
8.274509310722351074e-01
8.274682164192199707e-01
8.291793465614318848e-01
8.276540040969848633e-01
