5.568750000000000089e-01
7.678125000000000089e-01
8.306249999999999467e-01
8.323437500000000488e-01
8.707812499999999512e-01
8.835937499999999556e-01
8.964062499999999600e-01
9.179687500000000000e-01
9.279687500000000089e-01
9.300000000000000488e-01
9.267187500000000355e-01
9.404687499999999645e-01
9.446875000000000133e-01
9.398437499999999778e-01
9.456250000000000488e-01
9.493749999999999689e-01
9.506250000000000533e-01
9.492187500000000000e-01
9.567187499999999512e-01
9.535937500000000178e-01
9.495312500000000488e-01
9.582812499999999734e-01
9.603125000000000133e-01
9.628124999999999600e-01
9.579687500000000355e-01
9.614062500000000178e-01
9.656249999999999556e-01
9.575000000000000178e-01
9.651562500000000488e-01
9.693749999999999867e-01
9.651562500000000488e-01
9.664062500000000222e-01
9.651562500000000488e-01
9.628124999999999600e-01
9.696875000000000355e-01
9.743749999999999911e-01
9.665624999999999911e-01
9.696875000000000355e-01
9.714062500000000266e-01
9.728124999999999689e-01
9.718750000000000444e-01
9.717187499999999645e-01
9.710937499999999778e-01
9.717187499999999645e-01
9.740625000000000533e-01
9.681250000000000133e-01
9.745312499999999600e-01
9.732812499999999867e-01
9.764062500000000311e-01
9.707812500000000400e-01
9.771874999999999867e-01
9.749999999999999778e-01
9.745312499999999600e-01
9.723437499999999512e-01
9.743749999999999911e-01
9.768750000000000488e-01
9.714062500000000266e-01
9.749999999999999778e-01
9.731250000000000178e-01
9.712499999999999467e-01
9.762499999999999512e-01
9.764062500000000311e-01
9.668750000000000400e-01
9.699999999999999734e-01
9.737500000000000044e-01
9.737500000000000044e-01
9.712499999999999467e-01
9.681250000000000133e-01
9.696875000000000355e-01
9.685937500000000311e-01
9.721874999999999822e-01
9.690625000000000488e-01
9.712499999999999467e-01
9.664062500000000222e-01
9.631250000000000089e-01
9.664062500000000222e-01
9.698437500000000044e-01
9.739062499999999734e-01
9.570312500000000000e-01
9.664062500000000222e-01
9.621874999999999734e-01
9.595312499999999467e-01
9.531250000000000000e-01
9.521874999999999645e-01
9.595312499999999467e-01
9.506250000000000533e-01
9.579687500000000355e-01
9.606249999999999512e-01
9.589062499999999600e-01
9.548437499999999911e-01
9.589062499999999600e-01
9.506250000000000533e-01
9.562500000000000444e-01
9.514062500000000089e-01
9.492187500000000000e-01
9.554687499999999778e-01
9.442187499999999956e-01
9.456250000000000488e-01
9.464062500000000044e-01
9.515624999999999778e-01
9.457812500000000178e-01
9.517187499999999467e-01
9.573437500000000488e-01
9.559374999999999956e-01
9.614062500000000178e-01
9.626562499999999911e-01
9.612500000000000488e-01
9.653125000000000178e-01
9.678124999999999645e-01
9.607812500000000311e-01
9.654687499999999867e-01
9.665624999999999911e-01
9.679687500000000444e-01
9.685937500000000311e-01
9.679687500000000444e-01
9.648437500000000000e-01
9.678124999999999645e-01
9.681250000000000133e-01
9.704687499999999911e-01
9.681250000000000133e-01
9.717187499999999645e-01
9.712499999999999467e-01
9.698437500000000044e-01
9.685937500000000311e-01
9.754687499999999956e-01
9.670312500000000089e-01
9.710937499999999778e-01
9.682812499999999822e-01
9.723437499999999512e-01
9.696875000000000355e-01
9.732812499999999867e-01
9.753125000000000266e-01
9.725000000000000311e-01
9.764062500000000311e-01
9.699999999999999734e-01
9.748437500000000089e-01
9.726562500000000000e-01
9.749999999999999778e-01
9.757812500000000444e-01
9.734374999999999556e-01
9.756249999999999645e-01
9.704687499999999911e-01
9.729687500000000488e-01
9.771874999999999867e-01
9.746875000000000400e-01
9.784374999999999600e-01
9.749999999999999778e-01
9.757812500000000444e-01
9.728124999999999689e-01
9.809375000000000178e-01
9.767187499999999689e-01
9.765625000000000000e-01
9.742187500000000222e-01
9.729687500000000488e-01
9.767187499999999689e-01
9.792187500000000266e-01
9.740625000000000533e-01
9.779687500000000533e-01
9.810937499999999867e-01
9.798437500000000133e-01
9.771874999999999867e-01
9.764062500000000311e-01
9.732812499999999867e-01
9.764062500000000311e-01
9.779687500000000533e-01
9.789062499999999778e-01
9.787500000000000089e-01
9.793749999999999956e-01
9.756249999999999645e-01
9.767187499999999689e-01
9.790624999999999467e-01
9.781250000000000222e-01
9.785937500000000400e-01
9.792187500000000266e-01
9.781250000000000222e-01
9.784374999999999600e-01
9.787500000000000089e-01
9.764062500000000311e-01
9.790624999999999467e-01
9.806249999999999689e-01
9.832812499999999956e-01
9.804687500000000000e-01
9.785937500000000400e-01
9.781250000000000222e-01
9.812499999999999556e-01
9.798437500000000133e-01
9.782812499999999911e-01
9.781250000000000222e-01
9.803125000000000311e-01
9.810937499999999867e-01
9.829687499999999467e-01
9.798437500000000133e-01
9.789062499999999778e-01
9.807812500000000488e-01
9.818750000000000533e-01
9.807812500000000488e-01
9.818750000000000533e-01
9.814062500000000355e-01
9.829687499999999467e-01
9.806249999999999689e-01
9.820312500000000222e-01
