2.416220710923274242e-02
1.936643508573373043e-02
1.377179085587461847e-02
1.170756078014771086e-02
9.967065028225382747e-03
9.066571171085039196e-03
8.485373264799514828e-03
7.960764691233634949e-03
7.442219338069359751e-03
6.905583005088071318e-03
6.368116048785547705e-03
5.900400031047563047e-03
5.510047155742843657e-03
5.162288434803485870e-03
4.831278580240905285e-03
4.502105526626110077e-03
4.176371653253833742e-03
3.875926059360305324e-03
3.624226684526850924e-03
3.420601094452043519e-03
3.248611697927117348e-03
3.092452747902522340e-03
2.939782803878188133e-03
2.781180257443338633e-03
2.609593987775345788e-03
2.421852822105089679e-03
2.224491812133540854e-03
2.033501591843863473e-03
1.858796613911787741e-03
1.698672461012999289e-03
1.548726295974726551e-03
1.406090198239932530e-03
1.270755232932667010e-03
1.148142929499347932e-03
1.053832325851544738e-03
1.139313584038366802e-03
1.087693361720691197e-03
9.042551197732487953e-04
7.389178499579429626e-04
6.697127246297895908e-04
6.389476766344159842e-04
6.041759576570863164e-04
5.762950022472068667e-04
5.527132986268649137e-04
5.309012437161678708e-04
5.124368569037566221e-04
4.948335311685999596e-04
4.798425313007707578e-04
4.657840181607753038e-04
4.520492560307805556e-04
4.397048178361728787e-04
4.309315748590354937e-04
4.166988995469485539e-04
4.133505038529013413e-04
3.976509275768573266e-04
4.034928667048613411e-04
3.791199754535530824e-04
4.026734483583520037e-04
3.755330787195513827e-04
3.843670128844678402e-04
3.959454964691151995e-04
3.596824511381176430e-04
4.200653274892829359e-04
3.590932683437131345e-04
4.346000253766154069e-04
4.271954603609628975e-04
3.635793206437180620e-04
3.780811966862529516e-04
3.747487377647000235e-04
3.544989691969628316e-04
3.311569162178784609e-04
3.519035308272577822e-04
3.594397106401932556e-04
3.135553197353146970e-04
3.099467964299644214e-04
3.063003411322521847e-04
2.862638866645283997e-04
2.723483776208013296e-04
2.647644311461287421e-04
2.597897667631817180e-04
2.568447453086264431e-04
2.560931461630389094e-04
2.552199293859302998e-04
2.508524024354604203e-04
2.442057787751157898e-04
2.419026156227725157e-04
2.420968497366023651e-04
2.391025773249566555e-04
2.368414085746432254e-04
2.357072541296171555e-04
2.333082350863454333e-04
2.319455597898922861e-04
2.300804505163493165e-04
2.285829129201980838e-04
2.266171019679556200e-04
2.243143389932811260e-04
2.219061570940539241e-04
2.191277138384369603e-04
2.163204505147101888e-04
2.136608770039553353e-04
