8.276556236403328493e-01
8.358144198145185388e-01
8.489006178719656903e-01
8.596107312611170892e-01
8.626481141362871696e-01
8.640228646142141811e-01
8.659483483859471420e-01
8.680490647043500596e-01
8.704606141362871696e-01
8.713492989540100320e-01
8.716204932757786183e-01
8.742031046322413790e-01
8.756341780935015251e-01
8.755945427077157506e-01
8.770214455468313686e-01
8.794288209506443410e-01
8.802382349967956543e-01
8.805490647043500152e-01
8.809913209506443632e-01
8.809037055288042595e-01
8.809954932757786406e-01
8.808202607291085728e-01
8.812187075614928977e-01
8.819279875074114150e-01
8.830002495220728997e-01
8.841163209506444076e-01
8.911715626716614214e-01
9.015708446502685991e-01
9.176381008965628361e-01
9.335781046322413346e-01
9.465203608785356382e-01
9.538864323071071238e-01
9.579480971608843598e-01
9.647801228931971451e-01
9.621453608785356382e-01
9.660756008965628583e-01
9.658044065747942719e-01
9.697346465928213810e-01
9.706275037356785207e-01
9.741113151822771155e-01
9.697784543037414329e-01
9.709863151822771821e-01
9.764748828751700360e-01
9.775909543037414329e-01
9.710739323071071460e-01
9.763872657503400720e-01
9.776347637176513450e-01
9.758490494319370656e-01
9.749561922890799259e-01
9.798669065747942497e-01
9.795998828751700804e-01
9.791972637176513672e-01
9.798230971608843376e-01
9.803571428571428159e-01
9.816088114465986170e-01
9.833069086074829324e-01
9.865633351462227418e-01
9.854034543037414329e-01
9.820990494319370434e-01
9.857142857142857650e-01
9.854910714285713969e-01
9.821428571428570953e-01
9.833945257323128963e-01
9.789302400180271979e-01
9.812541723251342329e-01
9.851802400180271757e-01
9.845544065747942053e-01
9.862963114465985726e-01
9.868303571428571619e-01
9.833069086074829324e-01
9.864757180213927779e-01
9.885722637176513894e-01
9.852678571428571397e-01
9.885722637176513894e-01
9.875000000000000444e-01
9.888392857142856984e-01
9.896883351462227862e-01
9.861169065747942275e-01
9.841079780033656910e-01
9.866989323071071460e-01
9.845105971608842932e-01
9.829480971608842710e-01
9.883052400180272201e-01
9.899115494319370434e-01
9.880820257323128519e-01
9.885284543037414773e-01
9.905811922890799259e-01
9.865195257323128297e-01
9.894213114465986170e-01
9.914740494319370656e-01
9.866071428571429047e-01
9.899115494319370434e-01
9.896883351462227862e-01
9.905811922890799259e-01
9.899115494319370434e-01
9.905811922890799259e-01
9.876355971608843376e-01
9.899115494319370434e-01
9.914740494319370656e-01
9.905811922890799259e-01
9.906249999999999778e-01
