5.188571069921765755e-01
4.701383939811161761e-01
4.623149343899318198e-01
4.561421224049159728e-01
4.521362798554556806e-01
4.487857086317879607e-01
4.470707288810185087e-01
4.453672868864876899e-01
4.440057967390332871e-01
4.425223376069750136e-01
4.415275633335113414e-01
4.401493208748953889e-01
4.392838869776044541e-01
4.384806896959032585e-01
4.372812075274331023e-01
4.359715265887124103e-01
4.354138331753866775e-01
4.346381298133304982e-01
4.337901328291211556e-01
4.333623170852661244e-01
4.330239551407950027e-01
4.327922769955226401e-01
4.321831132684434973e-01
4.313070757048470538e-01
4.302500486373901367e-01
4.283922936235155521e-01
4.224933743476867454e-01
4.102023329053606227e-01
3.965098074504307402e-01
3.802608345236097032e-01
3.678689403193337593e-01
3.587393956524985161e-01
3.552609801292419545e-01
3.493184498378208436e-01
3.505272703511374544e-01
3.471324963229043270e-01
3.473773479461669811e-01
3.436911608491625136e-01
3.426224648952483909e-01
3.391321590968540689e-01
3.432457651410784072e-01
3.417943511690412217e-01
3.366859487124851946e-01
3.357314024652753304e-01
3.417915250573839714e-01
3.368088662624358909e-01
3.355132486139025261e-01
3.371589609554835887e-01
3.381081419331686821e-01
3.337988563946315268e-01
3.331935644149780495e-01
3.337462254932948569e-01
3.330513971192496370e-01
3.333260910851614800e-01
3.316738588469368976e-01
3.301015334469931672e-01
3.268621316977909363e-01
3.280862280300685385e-01
3.312811178820473934e-01
3.276576467922755476e-01
3.276058733463287354e-01
3.307966079030718043e-01
3.299783332007271697e-01
3.341969336782182887e-01
3.319651007652282826e-01
3.279519345079149328e-01
3.286816247871943708e-01
3.270590296813419839e-01
3.263639049870627473e-01
3.299942638192858158e-01
3.266375924859727942e-01
3.247221657208034240e-01
3.275815486907959206e-01
3.246861227921077342e-01
3.253851354122161976e-01
3.243461804730551346e-01
3.235680529049464460e-01
3.273447513580322044e-01
3.292671697480337722e-01
3.263834868158612679e-01
3.285084886210305477e-01
3.302265422684805829e-01
3.247194920267377771e-01
3.233159414359501604e-01
3.249705280576433708e-01
3.246604110513414687e-01
3.226813605853489642e-01
3.271434485912322887e-01
3.239339164325168996e-01
3.219273609774453426e-01
3.258994008813585475e-01
3.235529456819806748e-01
3.234781810215541231e-01
3.228403091430663840e-01
3.231955434594835364e-01
3.224851574216570094e-01
3.258592460836682858e-01
3.234143572194235761e-01
3.218290465218680008e-01
3.228092687470572320e-01
3.228201840605054440e-01
