2.679966390132904053e-01
3.537946343421936035e-01
3.834402859210968018e-01
4.137137234210968018e-01
4.453125000000000000e-01
4.627511203289031982e-01
4.835379421710968018e-01
5.045340657234191895e-01
5.177873969078063965e-01
5.267857313156127930e-01
5.197405219078063965e-01
5.506417155265808105e-01
5.472935438156127930e-01
5.608258843421936035e-01
5.656389594078063965e-01
5.752650499343872070e-01
5.825195312500000000e-01
5.929129719734191895e-01
5.993303656578063965e-01
6.049107313156127930e-01
6.143275499343872070e-01
6.190010905265808105e-01
6.249302625656127930e-01
6.173967719078063965e-01
6.319056749343872070e-01
6.279296875000000000e-01
6.359514594078063965e-01
6.458565592765808105e-01
6.471121907234191895e-01
6.547851562500000000e-01
6.537388563156127930e-01
6.559709906578063965e-01
6.729910969734191895e-01
6.599469780921936035e-01
6.738978624343872070e-01
6.689453125000000000e-01
6.680384874343872070e-01
6.646903157234191895e-01
6.725028157234191895e-01
6.715262532234191895e-01
6.955217719078063965e-01
6.948242187500000000e-01
6.958705186843872070e-01
6.901506781578063965e-01
7.008928656578063965e-01
7.041712999343872070e-01
7.080078125000000000e-01
7.105189561843872070e-01
7.091936469078063965e-01
6.983119249343872070e-01
7.132393717765808105e-01
7.167271375656127930e-01
7.241908311843872070e-01
7.164481282234191895e-01
7.264229655265808105e-01
7.128208875656127930e-01
7.294921875000000000e-01
7.319335937500000000e-01
7.157505750656127930e-01
7.381417155265808105e-01
7.386997938156127930e-01
7.360491156578063965e-01
7.430245280265808105e-01
7.407923936843872070e-01
7.419084906578063965e-01
7.384207844734191895e-01
7.360491156578063965e-01
7.345145344734191895e-01
7.477678656578063965e-01
7.435128092765808105e-01
7.518833875656127930e-01
7.467215657234191895e-01
7.538365125656127930e-01
7.513253092765808105e-01
7.533482313156127930e-01
7.557198405265808105e-01
7.581612467765808105e-01
7.650669813156127930e-01
7.636718750000000000e-01
7.564871907234191895e-01
7.664620280265808105e-01
7.585100531578063965e-01
7.659737467765808105e-01
7.649971842765808105e-01
7.713448405265808105e-01
7.746930718421936035e-01
7.705775499343872070e-01
7.613700032234191895e-01
7.761579155921936035e-01
7.794364094734191895e-01
7.746930718421936035e-01
7.722516655921936035e-01
7.680664062500000000e-01
7.460240125656127930e-01
7.634626030921936035e-01
7.733677625656127930e-01
7.689034342765808105e-01
7.818080186843872070e-01
7.668805718421936035e-01
7.438616156578063965e-01
7.822265625000000000e-01
7.769950032234191895e-01
7.962471842765808105e-01
7.960379719734191895e-01
7.823660969734191895e-01
7.903180718421936035e-01
7.968052625656127930e-01
7.865513563156127930e-01
7.970842719078063965e-01
8.051757812500000000e-01
8.020368218421936035e-01
8.055245280265808105e-01
8.035714030265808105e-01
8.065708875656127930e-01
7.899693250656127930e-01
8.057337999343872070e-01
8.116629719734191895e-01
8.110351562500000000e-01
8.069196343421936035e-01
8.127790093421936035e-01
8.092215657234191895e-01
8.116629719734191895e-01
8.097795844078063965e-01
8.058733344078063965e-01
8.050362467765808105e-01
8.138253092765808105e-01
8.170340657234191895e-01
8.160575032234191895e-01
8.311942219734191895e-01
8.224748969078063965e-01
8.295201063156127930e-01
8.293805718421936035e-01
8.235909342765808105e-01
8.171735405921936035e-01
8.243582844734191895e-01
8.287528157234191895e-01
8.286132812500000000e-01
8.314034342765808105e-01
8.385881781578063965e-01
8.361467719078063965e-01
8.403320312500000000e-01
8.410993218421936035e-01
8.444475531578063965e-01
8.269391655921936035e-01
8.299385905265808105e-01
8.408900499343872070e-01
8.454938530921936035e-01
8.501673936843872070e-01
8.490513563156127930e-01
8.343331217765808105e-01
8.465401530265808105e-01
8.496093750000000000e-01
8.515625000000000000e-01
8.405413031578063965e-01
8.486328125000000000e-01
8.491210937500000000e-01
8.510742187500000000e-01
8.482142686843872070e-01
8.566545844078063965e-01
8.447265625000000000e-01
8.591657280921936035e-01
8.571428656578063965e-01
8.686523437500000000e-01
8.579101562500000000e-01
8.602120280265808105e-01
8.622349500656127930e-01
8.656529188156127930e-01
8.638392686843872070e-01
8.533760905265808105e-01
8.524693250656127930e-01
8.512137532234191895e-01
8.692801594734191895e-01
8.417968750000000000e-01
8.639788031578063965e-01
8.648158311843872070e-01
8.751395344734191895e-01
8.784179687500000000e-01
8.740234375000000000e-01
8.728376030921936035e-01
8.732561469078063965e-01
8.685826063156127930e-01
8.620256781578063965e-01
8.755580186843872070e-01
8.793247938156127930e-01
8.821149468421936035e-01
8.740931749343872070e-01
8.708147406578063965e-01
8.717913031578063965e-01
8.660016655921936035e-01
8.671875000000000000e-01
8.826032280921936035e-01
8.820452094078063965e-01
8.927176594734191895e-01
8.969726562500000000e-01
8.931361436843872070e-01
8.926478624343872070e-01
8.793945312500000000e-01
8.891601562500000000e-01
8.827427625656127930e-01
8.873465657234191895e-01
