4.646925032138824463e-01
6.180733442306518555e-01
6.607396006584167480e-01
6.817270517349243164e-01
6.996811032295227051e-01
7.133659720420837402e-01
7.203358411788940430e-01
7.246525883674621582e-01
7.356237769126892090e-01
7.392837405204772949e-01
7.463832497596740723e-01
7.552458047866821289e-01
7.611267566680908203e-01
7.656984329223632812e-01
7.700541019439697266e-01
7.722794413566589355e-01
7.767042517662048340e-01
7.793962359428405762e-01
7.789079546928405762e-01
7.847241163253784180e-01
7.876538038253784180e-01
7.870315909385681152e-01
7.894773483276367188e-01
7.914261221885681152e-01
7.928391098976135254e-01
7.954749464988708496e-01
7.973417043685913086e-01
7.991738319396972656e-01
7.962960004806518555e-01
8.011010289192199707e-01
8.014553189277648926e-01
8.006688952445983887e-01
8.018485307693481445e-01
8.032788038253784180e-01
8.046615719795227051e-01
8.044239282608032227e-01
8.025528788566589355e-01
8.065196275711059570e-01
8.061955571174621582e-01
8.082869648933410645e-01
8.048473596572875977e-01
8.090128898620605469e-01
8.094450235366821289e-01
8.095875978469848633e-01
8.074486851692199707e-01
8.093758821487426758e-01
8.114110827445983887e-01
8.101406693458557129e-01
8.087363243103027344e-01
8.096308112144470215e-01
8.123487830162048340e-01
8.100758790969848633e-01
8.135154247283935547e-01
8.174562454223632812e-01
8.162809610366821289e-01
8.160864710807800293e-01
8.189124464988708496e-01
8.165877461433410645e-01
8.195649385452270508e-01
8.201828598976135254e-01
8.187742233276367188e-01
8.210902810096740723e-01
8.188087940216064453e-01
8.225637674331665039e-01
8.220409154891967773e-01
8.231989741325378418e-01
8.228532671928405762e-01
8.237477540969848633e-01
8.238989710807800293e-01
8.245385289192199707e-01
8.254329562187194824e-01
8.250008821487426758e-01
8.241366744041442871e-01
8.270490765571594238e-01
8.270577192306518555e-01
8.272694349288940430e-01
8.287947773933410645e-01
8.280602097511291504e-01
8.266083002090454102e-01
8.274897933006286621e-01
8.288552761077880859e-01
8.298188447952270508e-01
8.278225064277648926e-01
8.277231454849243164e-01
8.296935558319091797e-01
8.261718750000000000e-01
8.284231424331665039e-01
8.299528360366821289e-01
8.293349146842956543e-01
8.304238319396972656e-01
8.312361836433410645e-01
8.307738304138183594e-01
8.329430222511291504e-01
8.304843306541442871e-01
8.331201672554016113e-01
8.333491683006286621e-01
8.303460478782653809e-01
8.293262720108032227e-01
8.319146037101745605e-01
8.330293893814086914e-01
8.336862325668334961e-01
