0	1	2
0	14	1
0	17	2
0	31	2
0	44	2
0	65	2
0	67	2
0	69	1
0	74	1
0	80	1
1	6	2
1	12	2
1	16	1
1	37	1
1	40	2
1	41	2
1	69	2
1	99	1
2	15	1
2	18	2
2	34	2
2	36	2
2	89	2
2	93	1
3	2	2
3	59	1
3	71	2
3	89	1
4	11	2
4	21	2
4	27	2
4	97	2
5	34	2
5	54	1
5	71	1
5	80	2
5	88	2
6	22	1
6	27	2
6	63	1
6	70	2
6	80	1
6	84	1
6	86	1
7	14	2
7	27	1
7	59	1
7	61	1
8	27	1
8	88	2
8	94	2
9	18	1
9	72	2
9	91	2
10	6	1
10	18	2
10	31	2
10	44	1
10	77	1
10	93	1
11	4	2
11	27	1
11	41	1
11	80	1
11	85	1
12	8	1
12	9	2
12	12	1
12	34	1
12	79	1
13	98	1
14	8	2
14	36	2
14	82	2
14	83	1
14	92	1
14	95	2
15	2	1
15	10	1
15	12	2
15	46	1
15	75	1
15	79	1
15	82	1
15	93	1
16	1	2
16	10	1
16	44	1
16	68	2
16	86	1
16	91	2
17	10	2
17	22	1
17	31	1
17	32	2
17	45	2
17	48	1
17	60	2
17	84	2
18	17	2
18	27	2
18	33	1
18	45	1
18	46	1
18	68	1
19	8	2
19	45	1
19	69	1
19	79	1
19	87	2
19	93	1
20	46	2
20	96	2
21	27	1
21	43	2
22	17	2
22	31	1
22	48	2
22	53	1
22	83	2
22	99	1
23	36	1
23	38	2
23	42	1
23	80	2
23	92	2
24	50	2
24	54	2
24	56	2
24	66	1
24	73	1
24	93	1
24	94	2
25	0	2
25	14	2
25	27	2
25	33	2
25	47	1
25	57	1
25	59	2
25	61	2
25	66	2
25	81	2
25	99	2
26	3	1
26	19	1
26	25	1
26	32	1
26	33	1
26	72	2
26	99	2
27	31	1
27	39	1
27	47	1
27	82	1
27	89	2
27	93	1
28	15	1
28	40	1
28	48	1
28	50	1
28	51	1
28	90	1
29	2	2
29	8	2
29	10	1
29	27	2
29	62	1
29	83	2
29	86	2
30	5	2
30	64	1
30	91	2
31	21	1
31	24	2
31	46	2
31	47	1
31	51	2
31	54	1
31	87	2
32	7	1
32	9	2
32	29	2
32	42	2
32	50	2
32	59	1
32	94	2
33	81	1
34	30	2
34	44	1
34	60	2
34	64	2
34	76	2
34	83	2
35	5	1
35	10	2
35	16	2
35	39	1
35	63	2
35	72	2
35	82	1
35	86	2
36	16	2
36	58	1
36	90	1
37	11	2
37	97	1
38	1	1
38	10	1
38	59	2
38	75	2
38	78	1
38	94	1
38	95	1
39	9	1
39	11	1
39	37	1
39	45	1
39	50	1
39	99	2
40	44	2
40	56	2
40	97	2
41	18	2
41	45	1
41	50	2
41	65	1
41	85	1
42	25	1
42	26	1
42	47	1
42	75	2
43	37	2
43	59	2
43	72	2
43	82	1
44	15	1
44	23	1
44	44	1
44	50	2
44	61	2
44	76	2
44	78	2
44	96	2
44	97	1
45	10	1
45	11	1
45	31	2
45	41	1
45	67	1
45	69	1
45	92	2
45	99	2
46	5	2
46	92	1
47	34	2
47	39	1
47	65	1
47	70	1
48	27	2
48	33	2
48	35	1
48	39	1
48	50	1
48	58	2
48	66	2
49	29	1
50	30	2
50	56	1
50	78	1
50	96	1
51	9	2
51	25	1
51	34	2
51	69	1
51	96	2
52	53	2
52	58	1
52	74	1
52	98	1
53	12	1
53	24	1
53	27	1
53	78	2
53	93	1
54	6	2
54	14	1
55	41	2
55	53	2
55	72	1
55	94	2
56	23	2
56	64	2
56	74	1
56	83	1
56	96	2
57	5	2
57	27	2
57	73	2
57	75	1
57	76	2
57	85	1
58	14	1
58	89	1
58	90	1
59	37	1
59	50	2
59	60	1
59	66	1
59	78	2
60	84	1
61	10	2
61	38	2
61	66	1
61	72	2
62	5	1
62	22	1
62	66	2
63	7	1
63	50	2
63	57	2
63	62	2
63	84	1
63	95	1
64	0	1
64	46	2
64	67	2
65	11	1
65	35	1
65	42	2
65	57	1
65	73	2
65	80	1
65	84	2
65	93	2
66	32	1
66	62	2
67	2	2
67	3	1
67	11	1
67	15	2
67	23	1
67	54	1
67	71	2
67	86	2
68	7	1
68	14	2
68	24	1
68	32	1
68	34	1
68	37	1
68	39	2
68	50	2
68	58	2
68	70	1
68	77	1
69	60	1
69	73	2
70	1	2
70	35	1
70	45	1
70	83	2
71	3	2
71	10	2
71	40	1
71	43	1
71	66	2
71	68	2
71	80	1
71	98	2
72	10	1
72	32	2
72	36	2
72	67	2
72	70	1
73	20	1
73	28	2
73	56	2
73	98	2
74	0	2
74	9	2
74	16	2
74	31	1
74	58	1
74	85	1
75	13	1
75	20	2
75	43	2
75	59	1
76	34	2
76	56	1
76	63	1
76	68	2
77	2	1
77	20	1
77	29	2
77	39	2
77	60	1
77	62	1
77	68	1
77	93	1
78	7	1
78	10	2
78	45	2
78	55	2
78	86	2
78	87	1
79	19	2
79	35	2
79	48	1
79	61	1
79	72	1
79	89	2
80	16	1
80	27	1
80	40	1
80	86	1
81	39	2
81	53	1
81	55	2
81	80	1
81	84	2
82	9	1
82	21	1
82	25	1
82	45	1
82	47	1
82	64	2
82	67	1
82	72	2
82	92	2
83	3	1
83	9	2
83	19	2
83	36	1
83	41	1
83	48	2
83	60	1
83	62	2
83	72	2
83	99	2
84	12	1
84	20	2
84	30	1
84	48	2
84	50	2
84	73	1
84	74	1
84	77	2
85	1	2
85	13	1
85	75	1
85	89	1
86	19	2
86	20	2
86	42	2
86	46	1
86	59	2
86	64	1
86	82	2
87	36	1
87	72	2
87	86	2
88	11	2
88	61	2
89	19	2
89	26	2
89	28	1
89	55	2
89	61	1
90	8	2
90	25	1
90	42	1
90	56	1
91	26	2
91	63	1
91	68	2
91	97	1
92	16	2
92	26	2
92	38	1
92	39	2
92	52	2
92	58	2
92	86	1
92	87	2
93	13	1
93	37	2
93	64	2
93	77	2
93	83	1
93	86	1
93	95	2
94	19	1
94	22	1
94	31	1
94	95	1
95	14	2
95	15	2
95	67	1
95	83	2
95	97	1
96	9	1
96	29	1
96	35	1
96	48	2
96	57	2
96	58	1
96	64	1
96	67	2
96	76	1
96	88	2
96	93	2
97	0	2
97	11	1
97	27	1
97	91	1
98	12	2
98	17	2
98	24	1
98	64	1
98	82	1
99	3	1
99	60	2
99	74	2
