0	10	2
0	11	1
0	12	2
0	32	1
0	36	1
0	38	2
0	48	2
0	67	2
0	80	2
0	99	1
1	12	1
1	17	2
1	61	1
1	76	1
1	80	2
1	86	2
1	87	2
1	97	2
2	15	1
2	16	2
2	33	1
2	34	2
2	79	2
2	95	2
3	12	2
3	48	1
3	50	2
3	63	1
4	11	2
4	32	2
4	50	2
4	65	2
5	10	2
5	27	2
5	66	1
5	81	2
5	98	1
6	2	2
6	42	1
6	59	1
6	65	2
6	83	1
6	89	1
6	92	1
7	8	1
7	10	2
7	14	1
7	99	1
8	31	2
8	44	1
8	78	2
9	29	2
9	86	1
9	88	2
10	9	2
10	21	2
10	24	1
10	33	1
10	50	1
10	72	1
11	1	2
11	37	1
11	82	1
11	86	1
11	97	1
12	11	1
12	56	1
12	58	1
12	59	2
12	62	1
13	56	1
14	20	2
14	27	2
14	47	1
14	57	2
14	58	2
14	87	1
15	0	1
15	1	1
15	9	2
15	27	1
15	61	1
15	84	1
15	89	1
15	98	1
16	14	2
16	31	1
16	58	1
16	62	2
16	81	1
16	85	2
17	10	2
17	17	1
17	39	2
17	42	2
17	75	1
17	84	2
17	86	2
17	87	1
18	6	1
18	10	1
18	30	2
18	45	2
18	64	1
18	78	1
19	20	2
19	31	1
19	35	1
19	63	2
19	79	1
19	93	1
20	30	2
20	64	2
21	61	1
21	68	2
22	39	1
22	47	1
22	68	2
22	72	2
22	84	2
22	96	1
23	11	2
23	50	2
23	63	1
23	64	1
23	95	2
24	2	1
24	19	2
24	25	2
24	42	2
24	56	2
24	72	1
24	88	1
25	15	2
25	16	2
25	18	1
25	27	2
25	35	2
25	47	1
25	58	2
25	77	2
25	82	2
25	92	2
25	98	2
26	0	1
26	6	1
26	9	2
26	45	1
26	46	1
26	55	1
26	75	2
27	10	1
27	29	2
27	60	1
27	72	1
27	83	1
27	84	1
28	11	1
28	13	1
28	67	1
28	76	1
28	77	1
28	97	1
29	16	2
29	24	1
29	31	1
29	45	2
29	50	2
29	59	2
29	61	2
30	2	2
30	84	2
30	94	1
31	29	1
31	42	2
31	44	2
31	74	2
31	82	2
31	89	1
31	93	1
32	12	2
32	47	2
32	56	2
32	58	1
32	86	2
32	97	1
32	98	2
33	14	1
34	35	2
34	36	2
34	41	2
34	54	2
34	67	2
34	95	1
35	1	2
35	26	1
35	32	1
35	67	1
35	76	2
35	78	2
35	83	2
35	94	2
36	18	1
36	37	2
36	39	1
37	16	1
37	62	2
38	3	1
38	27	2
38	43	1
38	65	2
38	69	1
38	91	1
38	95	1
39	34	1
39	44	1
39	46	2
39	52	1
39	86	1
39	91	1
40	11	2
40	15	2
40	36	2
41	24	1
41	37	1
41	55	2
41	83	1
41	85	2
42	34	1
42	37	2
42	93	1
42	94	1
43	9	1
43	33	2
43	64	2
43	99	2
44	5	2
44	7	2
44	11	1
44	38	1
44	46	2
44	66	2
44	69	1
44	93	2
44	95	1
45	8	1
45	20	1
45	32	1
45	51	1
45	64	2
45	70	1
45	78	2
45	86	2
46	83	2
46	97	1
47	18	1
47	39	1
47	45	2
47	68	1
48	1	1
48	17	2
48	27	2
48	31	1
48	58	2
48	61	1
48	66	2
49	92	1
50	12	2
50	41	1
50	45	1
50	64	1
51	41	2
51	43	2
51	62	1
51	71	1
51	86	2
52	35	1
52	73	1
52	87	1
52	89	2
53	5	1
53	10	2
53	21	1
53	60	1
53	92	1
54	23	1
54	37	2
55	8	2
55	45	1
55	54	2
55	57	2
56	40	2
56	60	2
56	68	1
56	75	1
56	82	2
57	32	2
57	34	2
57	48	1
57	50	2
57	56	1
57	73	2
58	27	1
58	28	1
58	69	1
59	27	1
59	34	2
59	48	2
59	68	1
59	84	1
60	13	1
61	16	2
61	19	1
61	22	2
61	70	2
62	8	2
62	59	1
62	69	1
63	6	2
63	14	1
63	43	2
63	78	2
63	82	1
63	93	1
64	29	2
64	31	2
64	72	1
65	27	1
65	34	1
65	50	1
65	75	1
65	77	2
65	83	2
65	89	2
65	90	2
66	19	2
66	90	1
67	9	1
67	11	1
67	25	1
67	55	2
67	59	2
67	72	2
67	80	1
67	96	2
68	22	1
68	33	1
68	40	2
68	58	2
68	64	1
68	66	2
68	67	1
68	73	2
68	75	1
68	80	1
68	99	1
69	36	1
69	71	2
70	48	2
70	66	1
70	73	2
70	93	1
71	3	2
71	5	2
71	7	1
71	28	1
71	59	2
71	82	2
71	93	1
71	99	2
72	9	2
72	27	1
72	50	1
72	54	2
72	82	2
73	10	1
73	70	2
73	80	2
73	96	2
74	1	2
74	37	1
74	48	2
74	77	1
74	80	1
74	93	2
75	53	2
75	59	1
75	89	2
75	96	1
76	23	1
76	31	1
76	56	2
76	90	2
77	21	1
77	31	1
77	38	1
77	45	2
77	53	2
77	57	1
77	71	1
77	80	1
78	20	2
78	22	2
78	46	1
78	60	1
78	66	2
78	70	2
79	7	2
79	10	1
79	15	2
79	36	1
79	57	1
79	93	2
80	0	1
80	3	1
80	10	1
80	97	1
81	13	2
81	20	2
81	39	1
81	85	2
81	86	1
82	3	1
82	5	1
82	19	1
82	24	2
82	27	2
82	60	1
82	74	1
82	83	1
82	99	2
83	19	2
83	25	1
83	30	2
83	40	1
83	44	1
83	50	2
83	62	2
83	73	2
83	76	2
83	91	1
84	9	2
84	16	1
84	47	2
84	48	1
84	67	2
84	72	1
84	74	2
84	94	1
85	4	1
85	42	1
85	53	1
85	68	2
86	7	2
86	25	2
86	41	1
86	72	1
86	74	2
86	85	2
86	99	2
87	12	2
87	17	1
87	67	2
88	18	2
88	35	2
89	5	1
89	14	1
89	23	2
89	46	2
89	79	2
90	8	1
90	45	1
90	83	2
90	94	1
91	3	1
91	19	2
91	74	2
91	93	1
92	36	2
92	39	1
92	50	2
92	61	2
92	63	2
92	66	2
92	91	1
92	92	2
93	2	1
93	9	2
93	25	1
93	34	2
93	44	2
93	60	1
93	86	2
94	14	1
94	39	1
94	60	1
94	96	1
95	0	2
95	10	1
95	26	2
95	44	2
95	88	1
96	2	1
96	26	2
96	27	1
96	39	1
96	41	2
96	46	2
96	50	2
96	53	2
96	54	1
96	59	1
96	80	1
97	27	1
97	51	2
97	64	1
97	72	1
98	14	1
98	22	1
98	26	2
98	40	1
98	72	2
99	15	2
99	27	1
99	69	2
