0	10	2
0	14	2
0	20	1
0	21	1
0	27	2
0	36	1
0	57	2
0	72	2
0	73	1
0	92	2
1	14	2
1	26	1
1	27	1
1	42	2
1	52	1
1	53	2
1	81	2
1	83	2
2	6	1
2	40	2
2	60	1
2	65	2
2	83	2
2	84	2
3	25	2
3	53	2
3	77	1
3	91	1
4	9	2
4	39	2
4	69	2
4	72	2
5	9	2
5	20	1
5	37	2
5	69	2
5	75	1
6	9	1
6	44	2
6	68	1
6	80	1
6	89	1
6	92	1
6	96	2
7	38	1
7	45	1
7	50	2
7	84	1
8	45	2
8	72	2
8	78	1
9	24	2
9	46	2
9	97	1
10	55	1
10	56	1
10	66	2
10	72	2
10	78	1
10	79	1
11	26	1
11	48	1
11	64	2
11	66	1
11	67	1
12	10	1
12	36	1
12	47	1
12	54	2
12	85	1
13	83	1
14	5	1
14	13	1
14	35	2
14	67	2
14	80	2
14	93	2
15	27	2
15	31	1
15	51	1
15	53	1
15	56	1
15	60	1
15	75	1
15	76	1
16	8	2
16	23	1
16	27	1
16	67	1
16	72	2
16	83	2
17	2	1
17	7	2
17	10	2
17	11	2
17	26	1
17	39	2
17	57	2
17	86	1
18	27	1
18	37	2
18	40	1
18	67	2
18	80	1
18	83	1
19	2	1
19	13	1
19	38	1
19	46	2
19	70	2
19	97	1
20	16	2
20	64	2
21	77	2
21	79	1
22	3	2
22	11	1
22	21	2
22	33	1
22	37	1
22	74	2
23	27	2
23	46	1
23	64	1
23	72	2
23	96	2
24	5	2
24	48	1
24	58	1
24	66	2
24	75	2
24	77	2
24	97	1
25	14	2
25	31	2
25	43	1
25	44	2
25	47	2
25	59	1
25	61	2
25	66	2
25	68	2
25	74	2
25	87	2
26	3	2
26	8	1
26	19	1
26	22	1
26	80	1
26	98	2
26	99	1
27	0	1
27	5	1
27	12	1
27	19	1
27	61	1
27	69	2
28	25	1
28	44	1
28	45	1
28	61	1
28	86	1
28	93	1
29	32	1
29	40	2
29	44	2
29	46	2
29	69	1
29	70	2
29	75	2
30	46	2
30	47	2
30	78	1
31	3	2
31	29	1
31	41	2
31	47	1
31	48	2
31	59	2
31	99	1
32	1	2
32	3	2
32	16	1
32	17	2
32	48	2
32	80	2
32	82	1
33	27	1
34	8	1
34	17	2
34	27	2
34	33	2
34	48	2
34	89	2
35	6	2
35	10	2
35	18	1
35	31	1
35	56	1
35	59	2
35	74	2
35	81	2
36	82	1
36	91	1
36	94	2
37	23	2
37	39	1
38	0	2
38	42	1
38	48	1
38	50	1
38	56	2
38	62	1
38	71	1
39	11	1
39	58	2
39	59	1
39	78	1
39	95	1
39	99	1
40	42	2
40	58	2
40	62	2
41	30	1
41	61	2
41	70	1
41	78	2
41	83	1
42	16	1
42	63	2
42	84	1
42	86	1
43	15	2
43	93	2
43	97	1
43	99	2
44	2	1
44	7	1
44	22	2
44	29	2
44	62	2
44	63	1
44	67	2
44	80	2
44	86	1
45	5	1
45	15	2
45	19	1
45	31	1
45	54	2
45	55	1
45	59	2
45	60	1
46	27	2
46	96	1
47	36	1
47	48	1
47	83	1
47	92	2
48	5	1
48	9	2
48	50	1
48	73	1
48	89	2
48	93	2
48	94	2
49	88	1
50	10	1
50	64	2
50	68	1
50	86	1
51	35	2
51	36	2
51	60	2
51	66	1
51	95	1
52	0	1
52	11	1
52	57	1
52	98	2
53	2	1
53	16	1
53	82	2
53	86	1
53	93	1
54	32	2
54	71	1
55	15	2
55	45	2
55	58	2
55	77	1
56	13	2
56	50	1
56	79	1
56	85	2
56	86	2
57	8	2
57	10	2
57	12	2
57	41	2
57	72	1
57	90	1
58	9	1
58	64	1
58	86	1
59	36	1
59	44	2
59	74	2
59	87	1
59	88	1
60	76	1
61	7	2
61	8	2
61	56	2
61	69	1
62	55	1
62	82	2
62	97	1
63	1	2
63	7	2
63	30	1
63	35	1
63	89	1
63	99	2
64	11	1
64	24	2
64	27	2
65	3	1
65	12	2
65	27	2
65	34	2
65	59	1
65	75	1
65	82	1
65	87	2
66	24	2
66	91	1
67	34	2
67	58	1
67	60	2
67	64	2
67	65	1
67	82	1
67	84	2
67	99	1
68	1	1
68	9	1
68	11	2
68	18	1
68	19	1
68	31	1
68	60	2
68	86	1
68	90	1
68	94	2
68	96	2
69	29	1
69	45	2
70	6	2
70	35	1
70	47	2
70	50	1
71	9	1
71	19	2
71	39	2
71	43	2
71	58	2
71	68	1
71	83	1
71	95	2
72	27	1
72	33	2
72	50	2
72	63	2
72	96	1
73	12	2
73	60	1
73	62	2
73	70	2
74	16	2
74	45	1
74	67	2
74	68	1
74	84	2
74	89	1
75	9	1
75	10	1
75	28	2
75	31	2
76	10	2
76	64	1
76	72	1
76	98	2
77	32	2
77	34	1
77	37	1
77	58	1
77	66	1
77	80	1
77	84	2
77	97	1
78	30	2
78	34	2
78	61	1
78	68	2
78	76	1
78	93	2
79	11	1
79	15	2
79	25	1
79	72	2
79	87	1
79	92	2
80	14	1
80	27	1
80	42	1
80	59	1
81	25	2
81	34	2
81	51	1
81	59	1
81	62	2
82	2	2
82	14	1
82	39	2
82	45	1
82	50	1
82	54	1
82	61	1
82	85	2
82	93	1
83	12	2
83	14	2
83	17	1
83	18	2
83	20	2
83	21	1
83	35	1
83	50	2
83	89	1
83	90	2
84	37	1
84	42	1
84	50	2
84	53	1
84	71	2
84	73	1
84	88	2
84	93	2
85	20	1
85	40	1
85	44	2
85	72	1
86	0	2
86	14	1
86	19	2
86	39	1
86	41	2
86	94	2
86	95	2
87	12	2
87	24	1
87	43	2
88	32	2
88	50	2
89	22	2
89	64	1
89	66	1
89	92	2
89	94	2
90	39	1
90	41	2
90	93	1
90	95	1
91	57	2
91	74	1
91	93	1
91	99	2
92	10	2
92	20	1
92	31	2
92	34	2
92	38	2
92	41	2
92	63	2
92	85	1
93	11	2
93	15	1
93	26	2
93	28	2
93	36	1
93	45	2
93	56	1
94	1	1
94	37	1
94	54	1
94	91	1
95	34	1
95	46	1
95	67	2
95	73	2
95	98	2
96	4	2
96	10	1
96	16	1
96	23	1
96	29	1
96	33	2
96	65	1
96	73	2
96	76	2
96	80	2
96	86	1
97	18	1
97	22	1
97	50	1
97	82	2
98	10	1
98	17	2
98	25	1
98	32	2
98	39	1
99	1	1
99	27	2
99	31	2
