2.455930753300587452e-02
2.123340964317321777e-02
1.606518697614471233e-02
1.396511215716600418e-02
1.239969581365585327e-02
1.027773856185376644e-02
8.719504810869693756e-03
7.972989076127609195e-03
7.308472335959474535e-03
6.638021169540782480e-03
5.967574310488998890e-03
5.332377584030230551e-03
4.758948537831504851e-03
4.284843065155048876e-03
3.899066165710488811e-03
3.582673457761605725e-03
3.317174016653249517e-03
3.080301239000012622e-03
2.854235140451540694e-03
2.632574294693768024e-03
2.423558636413266406e-03
2.238164617059131608e-03
2.075880979343006864e-03
1.928842122045655973e-03
1.790781602418671124e-03
1.649766908182452195e-03
1.458125703114395268e-03
1.272234755257765524e-03
1.148687452465916746e-03
1.057963061612099409e-03
9.830734343267977238e-04
9.181889278503755367e-04
8.609836901693294084e-04
8.101785497274249792e-04
7.648429018445312977e-04
7.242241990752518177e-04
6.877582733674595392e-04
6.550502390988791621e-04
6.258410333733385169e-04
6.000173404269540942e-04
5.776487572196250522e-04
5.591781906938800848e-04
5.460185978639250362e-04
5.430796154541894794e-04
5.773650627816095948e-04
8.586793458865334952e-04
4.914438710936034358e-04
4.338496607185031158e-04
4.127711581531912088e-04
3.961459685039396268e-04
3.808524294678742868e-04
3.605034871725365520e-04
3.440251263479391915e-04
3.676248015835881233e-04
3.417151456233114004e-04
5.450084912202631795e-04
3.097991187435885090e-04
2.869461895897984505e-04
2.806020929710939527e-04
2.685668878257274628e-04
2.528426630306057632e-04
2.706949599087238312e-04
2.597609976267752367e-04
2.575044321323123890e-04
3.567533955598871094e-04
3.163783573351490182e-04
2.577356208348646760e-04
2.319021611280428776e-04
2.082897796450803587e-04
2.016601671736376891e-04
2.064332050698188534e-04
1.925152416030565807e-04
1.869817109157641819e-04
1.957273343577980995e-04
2.012999442134363046e-04
1.878223799091453263e-04
1.771139553360020211e-04
1.754515833454206586e-04
1.705039879501176467e-04
1.659196568652987480e-04
1.643349654235256305e-04
1.644330307802495947e-04
1.665963645791634917e-04
1.706281085110580018e-04
1.711581571726128459e-04
1.714790511565903732e-04
1.804762359824962914e-04
1.831898844102397561e-04
1.477358552316824505e-04
1.520485141857837728e-04
2.262867177099300018e-04
1.946747628001806727e-04
1.830576026501754829e-04
1.425347666857608995e-04
1.517714020640899828e-04
1.680167333688586950e-04
1.558305302751250565e-04
1.580691944885378173e-04
1.697083910888371459e-04
1.615885436573686609e-04
