0	43	2
0	68	1
1	1	2
1	13	1
1	17	1
1	19	1
1	45	2
1	51	1
1	76	1
1	93	2
1	99	1
2	2	2
2	14	1
2	20	1
2	43	1
2	50	1
2	61	1
2	65	2
2	80	1
3	26	1
3	29	1
3	48	2
3	52	1
3	63	2
3	66	2
4	1	2
4	2	2
4	27	2
4	32	1
4	49	2
4	64	2
4	95	1
5	13	1
5	35	1
5	36	1
5	72	1
5	75	2
5	83	1
5	93	1
5	99	1
6	2	2
6	9	2
6	32	2
6	70	2
6	89	2
6	95	2
7	3	2
7	20	1
7	22	2
7	62	2
7	72	1
7	82	1
7	92	2
7	93	2
8	19	1
8	30	1
8	33	1
8	34	2
8	45	1
8	82	2
9	19	1
9	36	1
9	44	1
9	46	1
9	53	2
9	63	2
9	85	2
9	98	1
10	12	2
10	18	1
10	21	1
10	40	1
10	41	1
10	72	1
10	78	1
11	1	2
11	7	2
11	19	1
11	22	1
11	26	1
11	51	2
11	55	1
11	86	1
11	96	2
12	4	2
12	17	1
12	21	1
12	22	1
12	26	1
12	48	2
12	53	1
12	59	2
12	60	1
12	71	1
13	31	2
13	42	2
13	64	1
13	69	1
13	71	2
14	37	2
14	47	1
14	69	2
14	75	2
15	2	2
15	27	1
15	58	2
15	75	2
16	23	2
16	57	2
16	65	2
16	72	1
17	1	1
17	5	2
17	26	2
17	43	2
17	58	2
17	71	1
17	95	1
18	4	1
18	5	2
18	37	2
18	45	1
18	55	2
19	11	2
19	17	1
19	31	2
19	96	1
20	9	2
20	17	1
20	24	1
20	39	1
20	46	2
20	66	1
20	81	1
20	95	1
21	28	2
21	30	1
21	66	1
21	80	2
21	87	2
22	58	1
22	89	2
23	6	2
23	7	2
23	43	1
23	60	2
23	74	1
23	85	2
24	19	2
24	26	1
24	27	2
24	53	1
25	0	1
25	25	1
25	28	1
25	38	2
25	47	1
25	69	1
26	11	1
26	44	2
26	96	2
27	14	2
27	36	2
27	37	1
27	46	1
27	53	1
27	58	2
27	62	2
27	71	2
27	77	2
28	12	2
28	28	2
28	36	2
28	47	1
28	48	2
28	74	2
29	17	1
29	20	1
29	32	1
29	52	1
29	60	2
29	68	2
29	92	1
30	39	2
30	52	1
30	88	2
30	90	2
32	42	1
32	59	2
32	61	1
32	70	1
32	71	2
32	99	2
33	37	1
33	70	1
33	82	2
34	2	2
34	14	1
34	38	1
34	39	1
34	61	1
34	63	2
34	76	2
34	93	1
35	31	2
35	72	1
35	85	1
35	97	2
36	7	1
36	49	1
36	69	1
36	83	1
37	5	2
37	10	2
37	11	1
37	30	2
37	33	1
37	42	2
37	52	2
37	55	1
38	47	1
38	88	2
38	93	1
39	17	1
39	54	1
39	58	2
39	62	2
39	84	2
39	89	2
39	98	2
40	3	1
40	11	1
40	15	1
40	28	2
40	87	1
41	5	1
41	39	1
41	54	1
41	72	1
41	92	1
42	20	1
42	41	1
42	48	1
42	52	1
42	57	1
42	89	2
42	93	2
43	3	2
43	21	1
43	33	1
43	62	2
43	70	1
43	71	2
43	85	2
44	18	2
45	22	1
45	32	1
45	42	1
45	49	1
45	67	2
46	1	2
46	64	1
46	67	2
46	84	1
46	98	1
47	29	2
47	60	2
47	74	2
47	95	1
48	9	1
48	28	2
48	37	1
48	43	1
48	62	2
48	89	2
48	97	1
49	1	2
49	10	2
49	69	1
49	85	2
50	43	1
50	70	1
50	84	1
51	41	2
51	52	2
51	58	1
51	81	2
51	92	2
51	93	1
52	15	2
52	18	2
52	22	1
52	30	1
52	36	2
52	48	1
52	93	2
52	94	2
53	30	2
53	42	1
53	50	2
53	70	2
53	73	2
53	79	2
53	91	2
54	33	1
54	34	2
54	47	1
54	60	2
54	92	1
55	0	1
55	10	2
55	96	2
56	28	2
56	86	2
57	4	1
57	12	2
57	41	1
58	1	1
58	2	2
58	8	2
58	12	2
58	26	2
58	61	2
58	64	1
58	75	1
58	91	2
59	4	2
59	45	2
59	54	1
59	64	2
59	77	1
59	78	1
60	12	2
60	18	2
60	27	1
60	41	1
61	9	2
61	25	2
61	34	1
61	42	1
61	64	2
61	82	1
61	98	2
62	29	2
62	56	2
62	78	2
62	93	1
63	34	2
63	78	1
63	93	2
64	5	2
64	12	2
64	24	1
64	31	2
64	53	2
64	73	1
64	76	1
64	81	2
65	9	2
65	37	1
65	45	1
65	62	1
65	66	2
66	45	2
66	49	1
67	58	1
67	63	2
67	75	1
67	78	2
67	83	2
67	98	2
68	70	2
68	74	1
69	6	2
69	9	1
69	13	1
69	14	2
69	37	1
69	51	1
69	64	1
69	89	1
70	14	2
70	36	1
70	74	2
70	77	1
70	95	2
71	0	1
71	9	1
71	65	2
71	73	2
71	74	2
71	90	1
72	3	2
72	13	1
72	22	2
72	79	2
72	83	1
72	94	2
72	95	2
72	97	2
73	47	1
73	62	1
73	69	1
73	80	1
73	83	1
74	12	1
74	15	2
74	44	2
74	75	1
74	87	2
75	21	1
75	26	2
75	34	2
75	36	2
75	70	1
76	3	2
76	11	1
76	28	2
76	55	1
76	90	1
77	67	1
77	92	1
77	94	2
77	96	2
78	2	1
78	18	1
78	19	1
78	66	1
78	77	1
79	29	2
79	30	2
79	93	1
80	1	1
80	8	2
80	33	2
80	96	1
81	2	1
81	20	1
81	60	2
81	70	1
81	71	2
82	0	1
82	14	2
82	16	2
82	40	2
82	53	1
82	71	1
82	88	2
83	13	1
84	29	1
84	33	2
84	51	2
84	82	1
84	88	2
85	17	2
85	19	2
86	23	2
86	36	1
86	49	1
86	56	2
87	12	2
87	53	2
87	58	1
88	3	1
88	10	2
88	24	1
88	33	1
88	47	2
88	75	1
88	79	1
88	82	2
88	89	2
89	10	1
89	21	2
89	40	1
89	85	2
89	91	1
90	51	2
90	57	1
90	74	2
90	87	2
91	15	1
91	35	2
91	88	1
92	16	2
92	17	1
92	45	2
93	18	2
93	39	1
93	50	2
93	94	1
94	4	2
94	14	1
94	18	2
94	27	1
94	31	1
94	34	1
94	35	2
94	38	2
94	43	2
94	69	2
94	78	1
95	20	2
95	29	2
95	40	1
95	41	1
95	95	2
96	7	1
96	28	1
96	36	2
96	43	2
96	66	2
96	78	2
97	25	1
97	30	2
97	53	1
97	99	1
98	9	1
98	36	1
98	45	1
98	56	2
98	59	1
98	69	1
98	75	2
98	84	1
98	85	2
98	90	2
99	0	2
99	1	1
99	16	1
99	25	1
99	46	1
99	67	2
99	75	2
