0	59	2
0	93	1
1	5	1
1	18	2
1	42	1
1	43	2
1	60	2
1	62	1
1	77	1
1	80	1
1	92	1
2	1	1
2	14	1
2	17	1
2	26	2
2	43	1
2	73	1
2	75	1
2	81	2
3	28	1
3	42	2
3	70	1
3	71	2
3	84	1
3	85	2
4	17	2
4	34	2
4	43	1
4	48	2
4	70	1
4	78	2
4	88	2
5	5	1
5	6	1
5	45	1
5	56	1
5	57	1
5	60	1
5	68	2
5	95	1
6	3	2
6	52	2
6	61	2
6	62	2
6	65	2
6	85	2
7	1	1
7	30	1
7	47	1
7	50	2
7	70	2
7	93	2
7	94	2
7	95	2
8	69	1
8	70	1
8	82	1
8	83	2
8	88	1
8	97	2
9	2	1
9	26	1
9	29	1
9	34	2
9	41	2
9	62	2
9	71	1
9	72	1
10	24	1
10	33	2
10	34	1
10	54	1
10	72	1
10	87	1
10	96	1
11	5	2
11	8	2
11	13	1
11	14	1
11	18	1
11	36	2
11	48	1
11	61	1
11	64	2
12	23	2
12	27	1
12	36	1
12	38	1
12	40	1
12	66	2
12	71	1
12	89	2
12	92	1
12	94	1
13	7	2
13	12	2
13	18	2
13	78	1
13	93	1
14	17	2
14	40	1
14	56	2
14	95	2
15	0	1
15	37	2
15	96	2
15	99	2
16	20	1
16	37	2
16	74	2
16	92	2
17	20	2
17	36	1
17	66	2
17	72	2
17	75	1
17	78	1
17	80	2
18	2	2
18	14	1
18	28	1
18	38	2
18	96	2
19	58	1
19	83	2
19	84	2
19	89	1
20	6	2
20	14	1
20	17	2
20	24	1
20	39	1
20	51	1
20	79	1
20	91	1
21	0	1
21	11	1
21	19	2
21	53	2
21	63	2
22	69	1
22	70	2
23	12	2
23	14	2
23	33	1
23	37	2
23	42	2
23	66	1
24	1	1
24	3	2
24	64	2
24	79	1
25	11	1
25	15	2
25	39	1
25	44	1
25	46	1
25	71	1
26	0	2
26	9	1
26	93	2
27	4	2
27	20	1
27	37	2
27	39	1
27	53	2
27	56	1
27	89	2
27	90	2
27	93	2
28	7	1
28	22	2
28	43	2
28	64	2
28	83	2
28	85	2
29	13	1
29	31	1
29	39	2
29	55	1
29	58	1
29	78	1
29	92	2
30	41	2
30	47	1
30	53	2
30	90	2
32	1	1
32	10	2
32	18	2
32	36	2
32	82	1
32	98	1
33	5	2
33	15	1
33	46	1
34	4	2
34	10	1
34	18	1
34	38	2
34	44	1
34	71	2
34	74	1
34	88	1
35	12	1
35	30	1
35	53	2
35	91	2
36	2	1
36	27	1
36	64	1
36	90	1
37	1	2
37	2	2
37	3	2
37	37	2
37	54	1
37	60	1
37	71	2
37	93	1
38	26	1
38	29	1
38	44	2
39	13	2
39	33	1
39	40	2
39	42	2
39	52	1
39	82	2
39	97	2
40	4	1
40	9	1
40	60	1
40	62	1
40	94	2
41	2	1
41	9	1
41	61	1
41	78	1
41	87	1
42	7	2
42	19	2
42	27	1
42	62	1
42	84	1
42	92	1
42	93	1
43	17	2
43	31	2
43	46	1
43	58	1
43	64	1
43	74	2
43	75	2
44	92	2
45	20	1
45	25	2
45	62	1
45	75	1
45	95	1
46	16	1
46	43	1
46	66	2
46	95	1
46	96	2
47	1	1
47	9	2
47	65	2
47	69	2
48	21	1
48	32	2
48	35	2
48	58	2
48	68	1
48	69	1
48	77	1
49	0	2
49	3	1
49	43	2
49	58	2
50	21	1
50	33	1
50	67	1
51	50	2
51	67	2
51	74	2
51	76	1
51	89	2
51	93	1
52	2	2
52	8	2
52	19	1
52	22	2
52	54	2
52	61	1
52	70	2
52	89	1
53	1	2
53	19	2
53	26	2
53	28	2
53	29	1
53	47	2
53	85	2
54	22	1
54	34	1
54	65	2
54	72	1
54	95	2
55	19	1
55	28	2
55	98	2
56	63	2
56	79	2
57	53	2
57	70	1
57	99	1
58	12	2
58	26	2
58	28	2
58	31	2
58	36	2
58	45	1
58	52	1
58	69	2
58	89	1
59	1	2
59	4	1
59	18	1
59	29	2
59	46	1
59	55	2
60	29	1
60	31	1
60	48	2
60	85	2
61	9	1
61	47	2
61	53	2
61	59	2
61	62	1
61	70	2
61	77	1
62	26	2
62	51	2
62	78	2
62	93	1
63	75	2
63	76	2
63	80	1
64	0	2
64	3	1
64	12	1
64	57	2
64	67	2
64	87	2
64	88	1
64	98	2
65	36	1
65	47	1
65	49	1
65	74	2
65	97	2
66	15	2
66	45	1
67	17	2
67	22	1
67	66	2
67	69	1
67	75	2
67	82	2
68	58	1
68	82	2
69	12	1
69	30	1
69	32	2
69	33	1
69	64	1
69	72	1
69	89	2
69	99	1
70	35	2
70	66	2
70	83	2
70	93	1
70	98	1
71	16	1
71	28	2
71	32	1
71	57	2
71	73	1
71	74	2
72	24	1
72	27	2
72	41	2
72	45	2
72	48	1
72	51	2
72	53	2
72	70	2
73	9	1
73	17	1
73	83	1
73	88	1
73	95	1
74	20	2
74	26	1
74	36	2
74	47	1
74	59	2
75	4	2
75	13	1
75	22	2
75	52	1
75	69	2
76	10	2
76	11	2
76	27	1
76	36	1
76	43	1
77	15	1
77	25	2
77	60	1
77	81	2
78	1	1
78	5	1
78	13	1
78	16	1
78	55	1
79	25	2
79	71	2
79	99	1
80	11	1
80	17	2
80	22	1
80	53	2
81	14	2
81	21	1
81	30	1
81	33	1
81	75	2
82	9	2
82	19	2
82	21	1
82	25	2
82	30	1
82	36	2
82	42	1
83	33	1
84	60	2
84	71	2
84	84	1
84	86	2
84	98	1
85	45	2
85	51	2
86	40	1
86	41	2
86	42	2
86	64	1
87	3	2
87	45	1
87	49	2
88	9	2
88	14	1
88	21	1
88	47	1
88	49	2
88	55	1
88	63	2
88	67	2
88	82	1
89	10	1
89	11	2
89	28	2
89	49	1
89	58	1
90	2	1
90	35	2
90	39	2
90	58	2
91	19	1
91	78	2
91	86	1
92	34	2
92	48	1
92	95	2
93	29	2
93	31	2
93	37	1
93	85	1
94	2	2
94	12	2
94	20	1
94	34	2
94	41	2
94	52	1
94	73	2
94	75	2
94	76	1
94	91	1
94	93	1
95	10	2
95	28	1
95	75	1
95	94	2
95	96	2
96	30	1
96	37	2
96	45	1
96	49	2
96	81	2
96	90	2
97	32	1
97	41	2
97	72	1
97	74	1
98	7	1
98	23	1
98	30	1
98	36	2
98	43	2
98	50	2
98	52	2
98	63	1
98	69	1
98	87	1
99	12	1
99	18	2
99	45	2
99	51	2
99	77	1
99	85	1
99	96	1
