0	66	2
0	95	1
1	0	1
1	5	1
1	18	1
1	52	1
1	60	2
1	64	1
1	67	1
1	75	2
1	82	2
2	9	2
2	20	1
2	36	1
2	61	1
2	70	1
2	81	1
2	83	1
2	89	2
3	28	2
3	33	1
3	41	1
3	59	1
3	74	2
3	92	2
4	8	2
4	21	2
4	27	1
4	29	2
4	33	2
4	56	1
4	67	2
5	3	2
5	12	1
5	27	1
5	28	1
5	30	1
5	53	1
5	80	1
5	99	1
6	15	2
6	26	2
6	41	2
6	52	2
6	61	2
6	63	2
7	2	2
7	18	2
7	26	2
7	47	2
7	76	1
7	78	2
7	93	1
7	95	1
8	0	1
8	7	1
8	19	1
8	20	2
8	24	1
8	58	2
9	11	2
9	19	1
9	27	2
9	36	1
9	39	1
9	49	2
9	56	1
9	60	1
10	15	1
10	16	1
10	37	1
10	71	1
10	89	1
10	92	1
10	96	2
11	5	2
11	23	2
11	30	1
11	31	1
11	33	1
11	46	2
11	48	2
11	76	1
11	87	1
12	2	2
12	38	1
12	44	1
12	48	2
12	65	1
12	68	1
12	69	1
12	73	2
12	78	1
12	82	1
13	10	2
13	58	2
13	71	2
13	86	1
13	98	1
14	33	2
14	38	2
14	64	2
14	75	1
15	0	2
15	4	2
15	21	1
15	96	2
16	20	2
16	22	2
16	71	1
16	75	2
17	4	2
17	13	1
17	17	1
17	61	1
17	62	2
17	69	2
17	97	2
18	18	2
18	42	1
18	45	2
18	65	1
18	90	2
19	20	2
19	37	2
19	67	1
19	95	1
20	1	1
20	11	1
20	26	1
20	28	2
20	37	1
20	51	1
20	69	1
20	77	2
21	7	1
21	17	2
21	46	2
21	69	1
21	75	2
22	58	1
22	78	2
23	38	2
23	48	1
23	55	2
23	74	2
23	77	2
23	79	1
24	19	1
24	20	2
24	34	2
24	91	1
25	17	1
25	26	1
25	32	2
25	39	1
25	48	1
25	98	1
26	18	2
26	50	1
26	51	2
27	1	2
27	15	1
27	16	2
27	18	2
27	28	2
27	29	2
27	62	1
27	66	2
27	75	1
28	26	2
28	45	1
28	64	2
28	72	2
28	82	2
28	93	2
29	3	1
29	5	2
29	7	2
29	41	1
29	47	1
29	57	1
29	85	1
30	0	2
30	4	2
30	28	1
30	82	2
32	5	2
32	53	1
32	66	2
32	71	2
32	94	1
32	96	1
33	44	2
33	59	1
33	70	1
34	14	1
34	19	2
34	36	2
34	40	1
34	52	1
34	55	2
34	70	1
34	85	1
35	2	1
35	9	2
35	13	2
35	71	1
36	6	1
36	43	1
36	61	1
36	70	1
37	3	2
37	26	2
37	40	2
37	58	2
37	73	1
37	74	1
37	85	2
37	92	1
38	12	1
38	18	2
38	37	1
39	7	2
39	9	1
39	10	1
39	11	2
39	12	2
39	40	2
39	84	2
40	22	1
40	42	2
40	84	1
40	85	1
40	95	1
41	30	1
41	85	1
41	88	1
41	91	1
41	97	1
42	14	1
42	31	1
42	43	2
42	58	1
42	64	2
42	75	1
42	93	1
43	1	2
43	50	2
43	63	1
43	81	1
43	83	1
43	90	2
43	93	2
44	27	2
45	12	1
45	23	2
45	42	1
45	70	1
45	95	1
46	20	2
46	48	1
46	57	2
46	89	1
46	95	1
47	0	1
47	24	2
47	60	2
47	62	2
48	14	1
48	21	2
48	34	1
48	45	1
48	64	2
48	72	2
48	98	1
49	3	1
49	10	2
49	39	2
49	93	2
50	9	1
50	43	1
50	95	1
51	11	1
51	13	2
51	22	1
51	60	2
51	76	2
51	96	2
52	10	1
52	25	2
52	35	2
52	36	2
52	37	1
52	47	1
52	52	2
52	58	2
53	1	2
53	5	2
53	19	1
53	66	2
53	71	2
53	90	2
53	93	2
54	3	2
54	35	1
54	36	1
54	59	2
54	92	1
55	42	1
55	43	2
55	46	2
56	39	2
56	80	2
57	14	1
57	45	2
57	70	1
58	34	2
58	41	1
58	53	2
58	55	1
58	62	1
58	70	2
58	78	2
58	88	2
58	99	2
59	17	1
59	32	1
59	37	2
59	45	1
59	51	2
59	74	2
60	10	1
60	22	2
60	49	2
60	78	1
61	16	2
61	28	2
61	45	2
61	71	2
61	72	1
61	86	1
61	93	1
62	3	2
62	29	2
62	47	2
62	78	1
63	9	2
63	14	2
63	47	1
64	9	2
64	17	2
64	30	1
64	50	1
64	60	2
64	66	1
64	75	2
64	82	2
65	28	2
65	45	2
65	85	1
65	88	1
65	90	1
66	78	1
66	88	2
67	1	2
67	2	2
67	8	1
67	28	2
67	81	2
67	89	1
68	79	1
68	96	2
69	1	1
69	12	1
69	25	1
69	39	2
69	52	2
69	83	1
69	95	1
69	98	1
70	2	1
70	36	2
70	68	2
70	87	2
70	99	1
71	15	2
71	25	1
71	36	2
71	42	1
71	77	1
71	94	2
72	33	2
72	36	2
72	44	1
72	45	2
72	54	2
72	67	1
72	84	2
72	99	2
73	2	1
73	17	1
73	34	1
73	72	1
73	93	1
74	29	2
74	49	1
74	54	1
74	64	2
74	92	2
75	18	2
75	57	1
75	63	2
75	66	2
75	87	1
76	26	2
76	43	1
76	53	2
76	69	1
76	93	1
77	17	2
77	62	2
77	73	1
77	74	1
78	34	1
78	37	1
78	75	1
78	83	1
78	92	1
79	6	2
79	22	2
79	41	1
80	14	1
80	53	2
80	89	2
80	93	1
81	31	1
81	49	1
81	65	2
81	88	2
81	96	1
82	13	2
82	30	2
82	33	1
82	36	2
82	43	2
82	51	1
82	70	1
83	21	1
84	1	2
84	13	2
84	19	1
84	22	1
84	77	2
85	12	2
85	17	2
86	9	2
86	21	1
86	69	1
86	75	2
87	70	1
87	94	2
87	98	2
88	9	1
88	19	1
88	29	2
88	46	1
88	47	2
88	49	2
88	53	1
88	55	2
88	74	1
89	35	1
89	47	2
89	58	2
89	62	1
89	97	1
90	53	2
90	60	2
90	74	2
90	89	1
91	42	1
91	64	2
91	79	1
92	24	2
92	33	2
92	69	1
93	12	1
93	41	2
93	63	2
93	94	1
94	4	2
94	14	2
94	31	1
94	32	1
94	40	2
94	43	2
94	52	1
94	58	2
94	71	2
94	82	1
94	93	1
95	1	1
95	30	1
95	34	2
95	43	2
95	80	2
96	2	1
96	32	2
96	54	1
96	62	2
96	89	2
96	91	2
97	11	1
97	30	1
97	51	1
97	72	2
98	1	1
98	12	2
98	27	2
98	29	1
98	31	1
98	53	1
98	56	2
98	83	2
98	85	1
98	87	1
99	2	2
99	4	1
99	25	2
99	36	1
99	69	2
99	72	1
99	84	1
