0	17	1
0	85	2
1	4	1
1	14	1
1	25	1
1	26	1
1	28	2
1	53	2
1	61	1
1	65	1
1	95	2
2	12	1
2	28	1
2	32	1
2	51	2
2	58	2
2	60	1
2	69	1
2	93	1
3	19	1
3	36	2
3	41	2
3	45	1
3	75	2
3	89	1
4	1	2
4	37	2
4	67	2
4	72	2
4	77	1
4	83	2
4	95	1
5	1	1
5	25	1
5	34	1
5	66	1
5	72	1
5	82	1
5	88	2
5	96	1
6	14	2
6	18	2
6	28	2
6	29	2
6	36	2
6	75	2
7	39	1
7	48	2
7	58	2
7	68	2
7	69	1
7	71	2
7	93	1
7	94	2
8	1	1
8	20	1
8	43	2
8	45	1
8	52	1
8	58	2
9	15	2
9	53	1
9	58	1
9	66	1
9	69	1
9	82	2
9	93	2
9	97	1
10	11	1
10	15	1
10	31	1
10	33	2
10	37	1
10	64	1
10	72	1
11	19	2
11	26	1
11	30	2
11	33	2
11	61	1
11	71	1
11	72	1
11	74	1
11	91	2
12	1	1
12	17	1
12	27	1
12	29	1
12	47	1
12	49	2
12	61	1
12	62	2
12	81	1
12	84	2
13	21	1
13	29	2
13	70	2
13	83	2
13	90	1
14	17	2
14	20	2
14	27	1
14	47	2
15	4	2
15	19	1
15	42	2
15	49	2
16	0	2
16	13	2
16	17	2
16	54	1
17	12	2
17	31	2
17	45	2
17	47	1
17	74	2
17	82	1
17	84	1
18	1	1
18	3	2
18	34	2
18	60	2
18	94	1
19	36	1
19	48	2
19	56	2
19	89	1
20	10	1
20	11	1
20	36	1
20	56	2
20	64	1
20	66	1
20	70	1
20	78	2
21	33	2
21	36	2
21	67	1
21	88	1
21	98	2
22	21	2
22	62	1
23	41	2
23	53	1
23	73	2
23	78	2
23	85	1
23	99	2
24	16	2
24	33	2
24	82	1
24	88	1
25	10	1
25	37	1
25	38	1
25	74	2
25	80	1
25	92	1
26	0	2
26	64	1
26	97	2
27	2	2
27	5	2
27	14	1
27	20	2
27	24	2
27	38	2
27	51	1
27	52	2
27	65	1
28	7	2
28	18	2
28	24	2
28	25	2
28	26	2
28	53	1
29	12	1
29	14	1
29	17	2
29	32	1
29	45	1
29	50	2
29	54	1
30	27	1
30	50	2
30	83	2
30	94	2
32	8	1
32	10	1
32	40	2
32	62	2
32	82	1
32	95	2
33	5	1
33	23	1
33	73	2
34	14	1
34	55	1
34	62	1
34	63	1
34	71	1
34	80	2
34	88	2
34	93	2
35	24	1
35	42	2
35	47	1
35	64	2
36	36	1
36	58	1
36	69	1
36	70	1
37	16	2
37	18	1
37	25	1
37	30	2
37	35	2
37	52	1
37	74	2
37	87	2
38	43	1
38	91	1
38	96	2
39	29	2
39	30	2
39	45	2
39	53	2
39	75	1
39	78	2
39	95	1
40	47	1
40	65	1
40	70	1
40	76	2
40	89	1
41	28	1
41	39	1
41	70	1
41	73	1
41	92	1
42	19	2
42	27	1
42	30	1
42	44	2
42	46	1
42	75	1
42	93	1
43	11	1
43	39	2
43	41	2
43	42	1
43	45	2
43	70	2
43	81	1
44	11	2
45	12	1
45	31	1
45	37	1
45	48	2
45	51	1
46	3	1
46	17	2
46	31	1
46	75	1
46	87	2
47	0	1
47	5	2
47	31	2
47	75	2
48	0	1
48	20	2
48	33	2
48	69	1
48	71	1
48	76	1
48	92	2
49	1	2
49	30	2
49	55	1
49	93	2
50	5	1
50	46	1
50	51	1
51	5	2
51	7	2
51	55	2
51	59	1
51	81	1
51	89	2
52	2	1
52	12	1
52	13	2
52	28	1
52	37	2
52	60	2
52	64	2
52	85	2
53	10	2
53	21	2
53	26	2
53	40	1
53	41	2
53	42	2
53	90	2
54	6	1
54	13	1
54	18	2
54	30	1
54	50	2
55	13	2
55	83	1
55	85	2
56	36	2
56	71	2
57	58	2
57	64	1
57	93	1
58	1	2
58	13	1
58	19	1
58	36	2
58	42	2
58	52	2
58	71	2
58	92	1
58	93	2
59	49	2
59	57	2
59	63	1
59	71	1
59	79	1
59	96	2
60	26	2
60	34	1
60	40	2
60	63	1
61	3	2
61	15	1
61	39	2
61	46	2
61	78	1
61	84	2
61	94	1
62	47	2
62	54	2
62	60	2
62	85	1
63	9	1
63	44	2
63	84	2
64	4	2
64	9	2
64	12	2
64	27	2
64	42	1
64	67	1
64	76	1
64	86	2
65	32	1
65	59	2
65	89	1
65	95	2
65	96	1
66	43	2
66	97	1
67	9	1
67	32	2
67	38	1
67	46	2
67	48	2
67	56	2
68	58	1
68	96	2
69	8	1
69	22	1
69	29	1
69	33	2
69	66	1
69	77	2
69	88	1
69	99	1
70	4	2
70	18	1
70	75	1
70	78	2
70	95	2
71	11	1
71	18	1
71	63	1
71	69	2
71	89	2
71	92	2
72	22	2
72	33	2
72	52	2
72	57	1
72	60	1
72	70	2
72	75	2
72	98	2
73	9	1
73	20	1
73	29	1
73	62	1
73	75	1
74	2	2
74	10	2
74	41	1
74	43	2
74	85	1
75	6	2
75	36	1
75	61	2
75	62	1
75	98	2
76	19	2
76	34	1
76	66	1
76	78	1
76	96	2
77	22	2
77	26	1
77	45	2
77	57	1
78	3	1
78	21	1
78	52	1
78	69	1
78	79	1
79	7	1
79	43	2
79	95	2
80	9	1
80	87	2
80	93	2
80	99	1
81	34	1
81	43	2
81	53	2
81	59	1
81	62	1
82	14	1
82	15	1
82	20	2
82	36	1
82	53	2
82	55	2
82	58	2
83	72	1
84	1	2
84	28	2
84	44	1
84	45	2
84	71	1
85	2	2
85	43	2
86	22	2
86	26	1
86	28	2
86	95	1
87	2	2
87	3	2
87	77	1
88	2	1
88	4	1
88	14	2
88	22	1
88	23	2
88	64	2
88	70	2
88	78	1
88	98	1
89	21	2
89	35	1
89	47	1
89	85	2
89	93	1
90	9	2
90	17	2
90	41	1
90	99	2
91	49	2
91	77	1
91	86	1
92	18	2
92	74	2
92	80	1
93	2	1
93	28	1
93	34	2
93	51	2
94	0	1
94	1	1
94	12	1
94	17	2
94	22	1
94	43	2
94	66	2
94	74	1
94	79	2
94	90	2
94	93	2
95	7	1
95	30	2
95	67	1
95	68	2
95	72	2
96	9	1
96	35	1
96	49	2
96	70	2
96	82	2
96	91	2
97	2	1
97	16	1
97	48	2
97	69	1
98	3	2
98	9	1
98	12	2
98	37	1
98	60	1
98	83	1
98	87	2
98	90	1
98	92	2
98	98	1
99	19	1
99	37	2
99	39	1
99	40	2
99	53	2
99	74	1
99	89	1
