0	56	2
0	90	1
1	5	1
1	44	1
1	45	1
1	55	1
1	67	2
1	70	1
1	76	2
1	87	2
1	93	1
2	22	1
2	28	2
2	33	1
2	43	1
2	45	1
2	57	2
2	77	1
2	80	1
3	7	2
3	22	2
3	41	2
3	53	1
3	78	1
3	84	1
4	3	1
4	13	2
4	28	2
4	36	2
4	45	2
4	49	1
4	71	2
5	5	1
5	19	2
5	20	1
5	47	1
5	62	1
5	72	1
5	73	1
5	93	1
6	11	2
6	17	2
6	18	2
6	27	2
6	41	2
6	72	2
7	19	2
7	52	2
7	64	1
7	66	2
7	77	1
7	78	2
7	88	2
7	92	1
8	6	2
8	18	1
8	20	1
8	48	1
8	53	1
8	61	2
9	17	1
9	30	1
9	45	2
9	46	1
9	47	2
9	52	2
9	93	1
9	98	1
10	36	1
10	53	1
10	57	1
10	63	1
10	88	1
10	92	1
10	99	2
11	24	1
11	29	1
11	35	2
11	43	2
11	45	1
11	63	2
11	67	1
11	70	1
11	74	2
12	25	1
12	28	1
12	50	2
12	51	1
12	62	2
12	68	1
12	71	1
12	83	1
12	97	1
12	98	2
13	10	2
13	49	2
13	78	2
13	81	1
13	96	1
14	9	2
14	14	1
14	24	2
14	28	2
15	12	2
15	34	2
15	64	1
15	92	2
16	0	2
16	42	2
16	66	2
16	72	1
17	26	2
17	53	2
17	61	1
17	62	2
17	65	1
17	69	2
17	87	1
18	7	2
18	11	1
18	14	2
18	29	1
18	84	2
19	5	2
19	12	1
19	35	1
19	62	2
20	12	1
20	18	2
20	23	1
20	39	2
20	43	1
20	45	1
20	60	1
20	93	1
21	10	1
21	19	2
21	43	2
21	82	2
21	96	1
22	37	1
22	96	2
23	16	2
23	36	2
23	63	2
23	66	1
23	83	1
23	95	2
24	9	2
24	20	2
24	33	1
24	54	1
25	11	1
25	25	1
25	69	2
25	85	1
25	91	1
25	93	1
26	22	2
26	30	2
26	72	1
27	2	2
27	9	2
27	23	1
27	29	1
27	33	2
27	64	1
27	67	2
27	75	2
27	95	2
28	7	2
28	21	2
28	70	1
28	82	2
28	94	2
28	99	2
29	2	1
29	3	2
29	20	1
29	32	1
29	60	1
29	85	1
29	96	2
30	26	1
30	36	2
30	62	2
30	92	2
32	3	2
32	29	1
32	37	2
32	48	1
32	64	2
32	74	1
33	4	1
33	48	2
33	78	1
34	3	2
34	12	1
34	15	2
34	28	1
34	29	1
34	55	1
34	73	1
34	93	2
35	43	2
35	46	1
35	89	2
35	94	1
36	45	1
36	87	1
36	95	1
36	96	1
37	12	2
37	14	2
37	25	2
37	30	1
37	53	1
37	71	2
37	77	2
37	99	1
38	9	1
38	73	1
38	79	2
39	0	2
39	3	2
39	9	2
39	54	1
39	62	1
39	69	2
39	83	2
40	2	2
40	21	1
40	26	1
40	88	1
40	93	1
41	1	1
41	2	1
41	18	1
41	65	1
41	92	1
42	3	2
42	30	1
42	33	1
42	36	2
42	52	1
42	58	1
42	64	1
43	4	2
43	10	2
43	16	1
43	33	2
43	74	1
43	89	1
43	94	2
44	58	2
45	58	1
45	60	1
45	64	1
45	76	2
45	97	1
46	0	1
46	41	1
46	51	2
46	69	2
46	75	1
47	5	2
47	35	2
47	43	1
47	88	2
48	1	2
48	31	1
48	37	2
48	52	1
48	71	1
48	74	1
48	93	2
49	42	1
49	58	2
49	79	2
49	82	2
50	30	1
50	69	1
50	88	1
51	17	1
51	28	2
51	37	2
51	61	2
51	66	1
51	95	2
52	20	2
52	39	1
52	49	2
52	51	2
52	70	2
52	71	1
52	75	1
52	89	2
53	19	2
53	27	1
53	38	2
53	39	2
53	52	2
53	61	2
53	75	2
54	1	1
54	10	1
54	14	1
54	34	2
54	75	2
55	9	2
55	74	1
55	81	2
56	7	2
56	31	2
57	38	2
57	47	1
57	57	1
58	1	2
58	20	2
58	25	2
58	31	1
58	40	1
58	51	2
58	69	1
58	95	2
58	98	2
59	2	2
59	22	1
59	27	1
59	34	1
59	74	2
59	82	2
60	26	2
60	31	1
60	58	1
60	70	2
61	19	1
61	26	2
61	31	2
61	40	2
61	53	2
61	72	1
61	75	1
62	1	2
62	33	1
62	45	2
62	49	2
63	14	1
63	27	2
63	54	2
64	1	2
64	9	2
64	12	2
64	36	2
64	39	1
64	50	1
64	51	2
64	77	1
65	6	2
65	18	1
65	33	2
65	58	1
65	66	1
66	36	2
66	90	1
67	13	2
67	17	2
67	22	2
67	30	1
67	50	1
67	85	2
68	13	2
68	71	1
69	1	1
69	2	1
69	11	1
69	15	1
69	41	1
69	65	2
69	70	2
69	81	1
70	0	2
70	15	2
70	39	2
70	44	1
70	98	1
71	12	1
71	19	2
71	43	2
71	69	2
71	83	1
71	85	1
72	4	2
72	17	1
72	27	2
72	42	2
72	46	2
72	59	2
72	85	1
72	86	2
73	28	1
73	71	1
73	80	1
73	87	1
73	95	1
74	18	2
74	21	1
74	29	1
74	82	2
74	89	2
75	1	2
75	36	2
75	38	1
75	58	1
75	70	2
76	18	1
76	36	1
76	64	2
76	84	2
76	95	1
77	46	2
77	68	1
77	93	1
77	95	2
78	14	1
78	42	1
78	52	1
78	85	1
78	90	1
79	15	1
79	44	2
79	55	2
80	4	2
80	28	1
80	74	1
80	79	2
81	11	1
81	53	1
81	75	2
81	76	1
81	84	2
82	1	1
82	21	2
82	41	1
82	56	2
82	59	2
82	75	2
82	98	1
83	47	1
84	26	1
84	32	2
84	60	2
84	63	1
84	97	2
85	42	2
85	48	2
86	21	1
86	91	2
86	92	2
86	96	1
87	34	2
87	69	1
87	71	2
88	8	1
88	16	1
88	24	2
88	40	1
88	47	2
88	70	2
88	78	1
88	93	2
88	94	1
89	2	1
89	10	2
89	78	1
89	80	1
89	83	2
90	0	2
90	13	2
90	17	1
90	56	2
91	2	2
91	17	1
91	26	1
92	32	2
92	37	1
92	66	2
93	37	2
93	47	1
93	59	2
93	89	1
94	4	1
94	9	2
94	12	2
94	30	2
94	34	1
94	48	1
94	53	2
94	55	1
94	62	1
94	89	2
94	93	2
95	41	2
95	49	1
95	58	2
95	82	2
95	90	1
96	32	2
96	37	1
96	47	2
96	60	2
96	75	2
96	99	1
97	5	1
97	8	2
97	34	1
97	60	1
98	14	2
98	17	1
98	19	2
98	36	1
98	40	2
98	42	2
98	43	1
98	72	1
98	85	1
98	91	1
99	13	1
99	22	1
99	67	2
99	70	2
99	78	2
99	86	1
99	89	1
