0	45	2
0	64	1
1	3	1
1	12	1
1	29	2
1	40	1
1	60	1
1	62	2
1	69	2
1	75	1
1	93	1
2	12	1
2	24	1
2	43	1
2	47	2
2	62	1
2	66	1
2	70	2
2	74	1
3	17	2
3	30	1
3	34	1
3	41	2
3	62	1
3	91	2
4	0	2
4	36	2
4	60	1
4	67	2
4	74	1
4	75	2
4	87	2
5	0	1
5	13	1
5	18	2
5	46	1
5	61	1
5	69	1
5	72	1
5	99	1
6	1	2
6	44	2
6	53	2
6	64	2
6	75	2
6	93	2
7	26	1
7	33	2
7	39	2
7	58	1
7	59	2
7	61	2
7	68	2
7	92	1
8	19	1
8	33	1
8	37	2
8	61	1
8	84	2
8	89	1
9	12	1
9	21	1
9	24	1
9	42	1
9	51	1
9	53	2
9	70	2
9	90	2
10	2	1
10	14	1
10	25	2
10	34	1
10	52	1
10	81	1
10	99	1
11	7	2
11	17	1
11	36	1
11	47	2
11	64	1
11	74	2
11	75	1
11	82	1
11	92	2
12	2	1
12	9	1
12	21	1
12	22	1
12	38	2
12	42	1
12	43	1
12	75	1
12	82	2
12	88	2
13	16	2
13	70	2
13	84	1
13	93	1
13	99	2
14	30	2
14	36	1
14	63	2
14	92	2
15	15	2
15	19	2
15	79	2
15	91	1
16	14	2
16	34	2
16	35	2
16	43	1
17	2	2
17	5	1
17	9	2
17	49	2
17	66	2
17	70	1
17	85	1
18	2	2
18	10	2
18	37	2
18	40	1
18	75	1
19	33	2
19	42	1
19	54	1
19	58	2
20	15	1
20	19	1
20	20	1
20	39	1
20	69	1
20	80	1
20	87	2
20	93	2
21	30	1
21	41	2
21	45	2
21	63	2
21	69	1
22	18	2
22	76	1
23	14	2
23	17	1
23	31	2
23	33	1
23	45	2
23	57	2
24	20	2
24	27	1
24	48	1
24	78	2
25	15	1
25	23	1
25	38	2
25	48	1
25	71	1
25	86	1
26	7	2
26	59	1
26	90	2
27	9	2
27	23	2
27	26	2
27	31	1
27	33	2
27	36	2
27	82	1
27	83	2
27	93	1
28	28	2
28	42	2
28	62	2
28	65	1
28	81	2
28	97	2
29	17	2
29	43	1
29	47	2
29	48	1
29	52	1
29	78	1
29	96	1
30	30	1
30	51	2
30	59	2
30	87	2
32	20	1
32	31	2
32	38	1
32	48	2
32	83	1
32	96	2
33	14	1
33	69	2
33	94	1
34	1	1
34	14	1
34	36	1
34	43	2
34	50	2
34	58	2
34	68	1
34	82	1
35	3	1
35	43	2
35	58	2
35	77	1
36	14	1
36	67	1
36	83	1
36	97	1
37	16	2
37	30	2
37	48	1
37	49	2
37	64	1
37	78	1
37	89	2
37	96	2
38	21	2
38	50	1
38	70	1
39	9	2
39	12	2
39	31	2
39	45	1
39	52	1
39	58	2
39	89	2
40	34	1
40	35	1
40	37	1
40	60	1
40	70	2
41	0	1
41	12	1
41	22	1
41	36	1
41	82	1
42	5	1
42	40	1
42	41	1
42	45	1
42	63	1
42	93	2
42	98	2
43	3	2
43	10	2
43	11	2
43	19	2
43	29	1
43	47	1
43	76	1
44	9	2
45	4	1
45	33	2
45	54	1
45	60	1
45	95	1
46	11	1
46	15	2
46	62	1
46	71	1
46	95	2
47	1	2
47	19	2
47	20	2
47	35	1
48	3	1
48	18	1
48	22	2
48	26	2
48	71	1
48	86	1
48	94	2
49	22	2
49	27	1
49	36	2
49	85	2
50	6	1
50	11	1
50	71	1
51	52	2
51	56	1
51	75	2
51	83	2
51	84	2
51	98	1
52	4	2
52	29	1
52	33	1
52	47	2
52	65	2
52	67	1
52	80	2
52	92	2
53	8	2
53	17	2
53	29	1
53	34	2
53	89	2
53	93	2
53	94	2
54	20	2
54	52	1
54	72	1
54	75	1
54	85	2
55	5	2
55	13	2
55	18	1
56	21	2
56	96	2
57	5	1
57	39	1
57	67	2
58	17	2
58	28	2
58	30	2
58	44	2
58	46	1
58	73	1
58	79	2
58	94	1
58	95	2
59	2	1
59	53	2
59	75	1
59	77	2
59	92	2
59	98	1
60	4	1
60	27	2
60	54	1
60	87	2
61	3	2
61	26	2
61	28	1
61	34	2
61	41	1
61	63	1
61	93	2
62	2	1
62	17	2
62	82	2
62	95	2
63	25	1
63	28	2
63	36	2
64	5	2
64	20	1
64	22	2
64	41	2
64	53	1
64	62	1
64	71	2
64	74	2
65	18	2
65	43	1
65	55	2
65	65	1
65	88	1
66	2	1
66	28	2
67	37	2
67	39	2
67	53	2
67	70	1
67	76	1
67	90	2
68	11	1
68	93	2
69	10	1
69	27	2
69	40	1
69	57	1
69	66	1
69	70	2
69	78	1
69	98	1
70	12	2
70	27	1
70	46	2
70	52	2
70	99	1
71	11	1
71	22	2
71	49	2
71	72	1
71	74	2
71	91	1
72	1	2
72	24	1
72	28	2
72	32	2
72	45	2
72	51	2
72	58	1
72	64	2
73	1	1
73	6	1
73	32	1
73	45	1
73	62	1
74	1	2
74	28	1
74	51	1
74	72	2
74	93	2
75	13	2
75	53	1
75	74	2
75	84	1
75	88	2
76	8	1
76	31	2
76	37	2
76	39	1
76	72	1
77	18	1
77	83	1
77	95	2
77	98	2
78	1	1
78	32	1
78	60	1
78	66	1
78	71	1
79	43	2
79	78	1
79	79	2
80	14	1
80	32	2
80	85	1
80	95	2
81	50	1
81	53	2
81	73	2
81	78	1
81	85	1
82	4	2
82	7	2
82	9	2
82	42	2
82	44	1
82	46	1
82	49	1
83	26	1
84	10	1
84	13	2
84	45	2
84	56	2
84	89	1
85	53	2
85	95	2
86	3	2
86	55	2
86	66	1
86	69	1
87	37	2
87	55	2
87	89	1
88	10	2
88	13	1
88	19	2
88	25	1
88	26	1
88	29	1
88	58	2
88	61	2
88	96	1
89	12	1
89	16	1
89	70	2
89	78	2
89	90	1
90	69	2
90	71	2
90	77	1
90	88	2
91	36	1
91	41	1
91	71	2
92	1	2
92	57	2
92	85	1
93	30	1
93	60	2
93	89	1
93	92	2
94	9	2
94	12	2
94	19	2
94	21	2
94	25	2
94	26	1
94	47	1
94	73	1
94	77	2
94	88	1
94	97	1
95	17	1
95	29	2
95	49	2
95	51	1
95	58	2
96	0	2
96	9	2
96	28	2
96	36	1
96	37	2
96	55	1
97	1	2
97	42	1
97	47	1
97	64	1
98	2	1
98	4	2
98	7	1
98	64	2
98	66	1
98	69	1
98	72	1
98	74	2
98	95	1
98	96	2
99	0	1
99	18	2
99	56	1
99	80	1
99	81	1
99	85	2
99	93	2
