5.052182078361511230e-01
1.258943881839513779e-02
1.076879650354385376e-01
-1.208400130271911621e-01
9.657586812973022461e-01
1.477920889854431152e+00
8.821812272071838379e-01
-7.823897898197174072e-02
1.214650630950927734e+00
-3.338314592838287354e-01
-6.136375069618225098e-01
1.723928451538085938e-01
-3.068604767322540283e-01
-5.315986927598714828e-03
1.653658896684646606e-01
1.229747056961059570e+00
2.064528465270996094e-01
4.919509291648864746e-01
7.000440955162048340e-01
2.672238275408744812e-02
5.354835987091064453e-01
7.609156966209411621e-01
-9.316691160202026367e-01
-3.647005259990692139e-01
-2.153537236154079437e-02
-7.604930400848388672e-01
9.818863272666931152e-01
-1.345257997512817383e+00
1.909687817096710205e-01
-1.059504628181457520e+00
6.089878082275390625e-01
-5.902699381113052368e-02
-1.187728881835937500e+00
4.401055723428726196e-02
-5.737375617027282715e-01
-1.483044177293777466e-01
-5.353850722312927246e-01
5.446478724479675293e-01
1.136374831199645996e+00
-1.258534789085388184e+00
-5.721027255058288574e-01
-5.301060155034065247e-02
3.952870070934295654e-01
-4.202396869659423828e-01
-8.040168881416320801e-02
-8.626183867454528809e-01
-4.732632637023925781e-01
8.051708936691284180e-01
-1.839381009340286255e-01
1.257145762443542480e+00
6.919347047805786133e-01
5.474517345428466797e-01
-1.113071918487548828e+00
1.741812080144882202e-01
-4.000338315963745117e-01
-5.301928520202636719e-01
5.310802459716796875e-01
1.361260533332824707e+00
1.193826794624328613e+00
-2.367714047431945801e-01
8.374525904655456543e-01
3.345858752727508545e-01
3.666139543056488037e-01
1.479147315025329590e+00
