0	20	1
0	30	2
0	54	2
0	66	2
0	68	1
0	93	2
0	102	2
0	108	2
0	120	2
1	3	2
1	19	2
1	21	2
1	33	1
1	89	2
1	110	2
1	123	1
2	14	1
2	25	1
2	54	2
2	73	2
2	88	2
2	120	1
3	125	1
4	17	2
4	61	2
4	76	2
4	85	2
4	99	1
4	117	1
5	10	2
5	65	1
5	71	2
5	93	1
5	118	2
6	1	2
6	11	1
6	74	1
6	77	1
6	80	1
6	109	2
7	1	2
7	8	2
7	56	1
7	64	2
7	81	1
7	101	2
7	104	1
7	112	2
7	115	2
8	17	2
8	26	2
8	68	2
8	101	1
9	16	1
9	17	2
9	28	1
9	40	1
9	48	2
9	50	1
9	65	2
9	75	2
9	80	2
9	118	2
9	120	1
9	121	2
10	41	2
10	64	2
10	108	1
10	122	1
10	125	1
11	25	2
11	69	1
11	74	2
11	77	1
12	8	2
12	16	1
12	22	2
12	26	1
12	33	1
12	53	1
12	65	1
12	127	2
13	15	1
13	26	2
13	32	2
13	49	2
13	50	1
13	51	2
13	88	1
13	126	2
14	14	1
14	24	2
14	29	1
14	72	1
14	94	2
14	106	2
14	115	2
14	117	2
14	122	1
15	0	2
15	15	2
15	43	1
15	113	2
16	10	1
16	43	2
16	88	2
17	11	2
17	22	2
17	32	1
17	34	2
17	39	2
17	51	2
17	87	2
17	112	2
17	116	1
18	13	2
18	41	1
18	42	1
18	63	2
18	78	1
18	115	1
18	116	2
19	40	1
19	120	2
20	43	1
20	55	1
20	59	1
20	86	2
20	93	2
20	119	2
20	124	1
21	24	1
21	47	1
21	74	2
21	77	2
21	82	1
21	87	1
21	91	2
22	6	1
22	14	2
22	27	1
22	40	2
22	93	1
22	107	1
22	110	2
22	112	2
22	117	2
23	82	2
23	88	2
24	19	2
24	21	2
24	84	1
24	93	1
24	120	1
25	20	2
25	56	2
25	60	1
25	101	1
25	113	2
25	121	2
25	123	2
26	10	2
26	23	1
26	29	1
26	34	1
26	53	1
26	94	1
26	107	2
26	108	2
26	115	2
26	124	1
27	6	1
27	14	1
27	22	2
27	36	1
27	58	1
27	69	2
27	79	2
28	35	2
28	62	2
28	85	1
28	90	1
29	7	1
29	9	1
29	15	2
29	38	2
29	69	1
29	71	2
29	82	2
29	91	2
29	101	2
30	64	1
30	108	2
30	113	1
30	126	1
31	8	2
31	27	2
31	29	2
31	37	1
31	50	2
31	52	1
32	5	1
32	17	2
32	49	1
32	67	2
32	75	2
32	84	1
33	9	2
33	18	1
33	19	2
33	33	1
33	37	2
33	38	2
33	39	1
33	95	1
33	109	2
33	121	2
34	0	1
34	14	2
34	15	2
34	19	2
34	33	2
34	66	2
34	73	1
34	89	1
34	104	1
35	4	2
35	5	2
35	68	1
35	82	2
35	101	2
36	19	2
36	25	1
36	44	1
36	55	2
36	60	1
36	105	1
36	107	1
36	126	2
37	17	2
37	19	2
37	24	1
37	84	1
37	120	2
38	19	1
38	26	1
38	56	2
38	68	2
38	81	1
38	100	1
38	115	2
39	7	1
39	19	2
39	20	1
39	37	2
39	50	2
39	83	2
39	87	1
39	110	1
39	113	1
40	8	2
40	15	1
40	20	1
40	26	2
40	36	2
40	51	2
40	55	1
40	63	2
40	67	2
40	77	1
40	79	1
41	16	2
41	31	2
41	42	1
41	45	2
41	112	1
42	0	1
42	26	1
42	30	2
43	12	2
43	14	2
43	32	1
43	49	2
43	63	1
43	69	2
43	71	2
43	93	2
43	110	2
43	111	2
44	49	1
44	72	1
44	90	1
44	109	1
44	120	1
45	29	2
45	52	2
45	66	2
45	82	1
45	108	1
45	112	2
45	122	1
46	6	2
46	28	1
46	65	2
46	78	2
46	82	1
46	116	1
46	127	2
47	12	1
47	36	2
47	90	2
47	115	2
47	123	2
47	127	2
48	10	2
48	47	1
48	52	1
48	54	2
48	71	1
48	88	1
48	97	2
48	102	2
48	111	1
48	118	1
49	18	2
49	20	2
49	24	1
49	26	1
49	54	1
49	85	1
49	88	2
49	119	1
50	34	1
50	55	1
50	59	1
50	63	2
50	83	1
50	123	1
51	38	1
51	44	2
51	77	2
51	101	2
52	6	2
52	8	2
52	20	1
52	24	2
52	33	1
52	74	2
52	109	1
53	32	1
53	43	1
53	58	1
53	107	2
54	19	1
54	22	2
54	56	1
54	63	1
54	75	2
54	102	1
54	105	2
55	19	1
55	32	1
55	44	2
55	70	1
55	105	2
55	113	2
55	123	2
56	39	2
56	55	2
56	69	2
56	75	2
56	118	2
57	9	2
57	38	2
57	59	2
57	61	1
57	73	2
58	3	2
58	13	2
58	36	2
58	38	2
58	53	1
58	60	2
58	126	1
59	8	2
59	14	2
59	40	1
59	92	2
59	126	1
60	19	2
60	20	2
60	36	1
60	37	1
60	108	2
61	25	2
61	37	2
62	2	1
62	13	2
62	28	2
62	35	1
62	45	2
62	57	2
62	59	1
62	100	1
62	101	2
63	13	2
63	53	2
63	62	1
63	75	2
63	78	1
63	87	1
64	21	1
64	66	2
64	81	2
64	85	2
64	92	1
64	103	2
65	64	1
65	102	2
66	39	2
66	50	2
66	85	1
66	89	2
66	109	2
66	116	1
67	53	1
67	56	2
67	60	1
67	76	1
67	85	2
67	88	1
67	98	2
68	15	2
68	21	2
68	26	1
68	30	2
68	35	1
68	48	1
68	75	1
68	123	2
69	8	2
69	16	1
69	25	1
69	27	2
69	38	2
69	86	2
70	7	2
70	14	2
70	31	2
70	48	2
70	51	2
70	62	1
70	81	2
70	98	2
70	103	2
70	104	2
70	119	1
70	120	2
70	125	2
71	32	1
71	91	2
71	115	2
71	117	2
71	119	1
71	123	2
72	8	1
72	41	2
72	42	2
72	61	1
72	120	1
72	123	1
73	25	2
73	27	2
73	81	2
73	91	2
74	35	1
74	49	1
74	76	2
74	77	1
74	82	2
74	97	2
74	122	2
75	11	2
75	71	2
75	84	2
75	87	2
75	101	1
75	108	2
75	111	1
75	112	1
76	25	2
76	57	2
76	73	1
76	107	1
76	112	2
76	127	1
77	4	1
77	10	1
77	20	2
77	22	2
77	53	1
77	59	1
77	65	2
77	97	2
77	126	1
78	8	2
78	13	2
78	22	1
78	25	1
78	33	1
78	53	1
78	56	2
78	72	2
78	93	1
78	107	1
78	127	1
79	1	2
79	18	2
79	55	2
79	63	2
79	70	2
80	31	1
80	44	2
80	49	1
80	65	1
80	79	1
80	85	2
80	87	2
80	89	1
80	127	1
81	6	2
81	62	2
81	74	2
81	78	1
81	119	2
81	121	2
81	125	1
82	6	1
82	86	2
83	14	2
83	23	1
83	45	1
83	59	1
83	123	1
83	125	1
84	5	1
84	10	1
84	30	2
84	75	2
84	77	1
84	79	2
84	92	2
84	121	1
85	11	1
85	62	1
85	74	2
85	85	2
86	12	2
86	33	2
86	42	1
86	58	2
86	77	1
86	103	2
86	109	2
86	117	1
87	23	2
87	30	2
87	64	2
87	65	2
87	99	1
87	100	1
88	121	2
89	1	1
89	106	2
90	5	2
90	6	1
90	14	1
90	29	1
90	36	1
90	43	2
90	61	2
90	83	2
91	61	1
91	88	1
91	91	1
91	117	2
92	22	1
92	39	1
92	44	1
92	46	2
92	65	2
93	12	1
93	40	2
93	41	1
93	117	2
94	9	2
94	66	1
94	92	2
94	112	1
95	42	2
95	53	2
95	55	2
95	61	2
95	63	1
95	66	2
95	92	2
95	96	2
96	19	2
96	48	2
96	58	2
96	70	1
96	81	2
97	10	2
97	31	2
97	92	2
97	111	1
97	118	2
97	126	1
98	6	1
98	39	2
98	51	1
98	60	2
98	70	2
98	107	1
99	28	2
99	71	1
99	91	1
99	124	1
99	126	1
100	0	1
100	27	2
100	38	1
100	41	1
100	54	2
100	87	1
100	108	1
100	113	2
100	118	1
100	122	2
101	6	2
101	23	1
101	57	1
102	13	1
102	21	2
102	23	1
102	60	2
102	65	1
102	68	1
102	117	2
102	125	2
103	14	1
103	27	1
103	66	1
103	70	2
103	85	1
103	86	2
103	96	1
103	117	2
104	28	2
104	29	2
104	47	1
104	49	2
104	56	1
104	82	2
104	96	1
104	98	1
104	105	1
105	4	1
105	23	2
105	40	2
105	48	1
105	53	2
105	77	2
105	93	2
105	94	2
105	102	2
106	28	1
106	74	1
106	80	2
106	86	2
106	108	2
107	18	2
107	51	1
107	55	2
107	66	1
107	70	2
107	80	2
107	85	2
107	89	2
107	94	2
107	99	1
107	105	1
107	110	2
108	0	1
108	9	1
108	19	1
108	104	1
108	112	2
109	20	2
109	30	2
109	49	1
109	55	2
109	66	2
109	104	2
109	110	1
109	113	2
109	127	2
110	10	2
110	15	2
110	26	1
110	44	2
110	47	1
110	48	1
110	50	2
110	80	1
110	97	2
110	112	2
111	11	1
111	12	2
111	14	2
111	84	2
111	94	2
111	107	1
112	18	2
112	31	2
112	46	1
112	54	1
112	69	1
112	89	1
112	94	2
112	117	2
113	15	2
113	19	2
113	22	2
113	36	1
113	41	2
113	63	2
113	69	2
113	70	2
113	71	1
113	100	2
113	101	2
113	120	1
113	127	2
114	18	1
114	19	1
114	48	1
114	59	2
114	60	2
114	97	2
114	112	1
114	124	1
115	14	1
115	24	1
115	41	1
115	45	1
115	70	1
115	72	2
115	81	2
115	117	1
116	7	2
116	53	1
116	61	2
116	90	2
116	110	1
117	41	2
117	83	2
117	91	1
118	83	2
119	38	2
119	60	2
120	11	1
120	51	1
120	56	2
120	82	1
120	90	1
120	109	2
120	111	1
120	115	2
120	122	1
121	1	1
121	12	2
121	40	2
121	78	1
121	80	1
121	118	2
122	6	1
122	51	1
122	82	1
122	103	2
123	10	1
123	30	1
123	55	1
123	63	2
123	70	2
123	110	2
124	12	2
124	50	1
124	53	2
124	78	2
125	9	2
125	41	2
125	45	2
125	65	1
125	85	1
126	4	1
126	24	2
126	25	2
126	30	2
126	112	1
127	6	1
127	42	2
127	55	2
127	61	2
127	87	2
127	95	1
127	104	2
127	120	2
