0	1	2
0	47	2
0	61	2
0	66	1
0	72	2
0	79	1
0	95	2
0	109	2
0	119	2
1	36	2
1	45	1
1	54	2
1	55	2
1	77	2
1	93	2
1	97	1
2	5	2
2	34	2
2	108	1
2	113	1
2	120	1
2	127	2
3	84	1
4	25	2
4	36	1
4	43	1
4	65	2
4	99	2
4	116	2
5	25	2
5	74	2
5	79	1
5	92	2
5	122	1
6	23	1
6	49	2
6	58	1
6	110	1
6	115	2
6	120	1
7	14	2
7	16	2
7	31	2
7	43	2
7	50	1
7	61	1
7	91	1
7	117	2
7	118	2
8	19	2
8	30	1
8	87	2
8	120	2
9	8	2
9	15	1
9	20	2
9	26	2
9	42	1
9	51	2
9	61	1
9	64	2
9	68	1
9	87	1
9	117	2
9	125	2
10	54	1
10	55	1
10	88	2
10	90	2
10	116	1
11	29	2
11	30	1
11	37	2
11	120	1
12	15	2
12	18	1
12	32	2
12	33	1
12	59	2
12	65	1
12	93	1
12	121	1
13	27	1
13	32	1
13	51	2
13	61	1
13	68	2
13	73	2
13	91	2
13	94	2
14	6	2
14	11	1
14	18	2
14	30	1
14	35	2
14	70	1
14	83	2
14	105	1
14	111	2
15	25	2
15	33	2
15	65	2
15	123	1
16	15	1
16	46	2
16	82	2
17	14	1
17	38	1
17	41	2
17	59	2
17	81	2
17	85	2
17	98	2
17	110	2
17	117	2
18	11	1
18	13	1
18	53	2
18	86	2
18	101	1
18	104	2
18	120	1
19	14	1
19	39	2
20	0	1
20	22	1
20	50	1
20	61	2
20	65	2
20	96	2
20	122	1
21	1	1
21	15	1
21	40	2
21	57	2
21	97	1
21	101	2
21	107	1
22	1	2
22	12	2
22	21	1
22	22	1
22	25	2
22	81	1
22	82	2
22	104	2
22	111	1
23	51	2
23	112	2
24	29	1
24	35	2
24	38	1
24	56	2
24	101	1
25	3	2
25	6	1
25	14	1
25	45	2
25	47	2
25	48	2
25	123	2
26	6	1
26	11	1
26	19	2
26	63	1
26	66	2
26	69	2
26	78	1
26	90	1
26	108	1
26	118	2
27	6	2
27	39	2
27	49	1
27	55	2
27	66	1
27	112	1
27	118	1
28	14	1
28	72	2
28	75	1
28	102	2
29	1	2
29	7	2
29	38	1
29	66	2
29	71	1
29	80	2
29	93	1
29	115	2
29	124	2
30	20	1
30	53	2
30	75	1
30	97	1
31	60	2
31	66	1
31	74	2
31	104	1
31	113	2
31	123	2
32	32	2
32	65	2
32	81	2
32	90	1
32	100	1
32	112	1
33	3	2
33	14	2
33	26	1
33	55	1
33	63	2
33	85	1
33	92	1
33	107	2
33	112	2
33	125	2
34	14	2
34	19	2
34	26	1
34	28	2
34	29	1
34	30	1
34	71	2
34	103	2
34	119	1
35	30	2
35	36	2
35	89	2
35	111	2
35	122	1
36	7	2
36	10	1
36	24	1
36	49	2
36	50	2
36	68	1
36	78	1
36	127	1
37	18	2
37	42	2
37	74	1
37	85	1
37	107	2
38	26	1
38	31	2
38	53	1
38	60	2
38	80	2
38	87	1
38	95	1
39	13	2
39	23	2
39	63	2
39	68	2
39	74	1
39	75	1
39	84	1
39	99	1
39	112	1
40	29	2
40	35	2
40	38	2
40	44	2
40	82	1
40	89	1
40	91	2
40	94	1
40	102	1
40	106	1
40	113	2
41	6	2
41	8	1
41	10	2
41	18	2
41	33	1
42	12	1
42	40	2
42	62	1
43	9	2
43	17	2
43	21	1
43	59	1
43	60	2
43	87	2
43	91	2
43	113	2
43	118	2
43	120	2
44	12	1
44	22	1
44	38	1
44	85	1
44	121	1
45	5	1
45	22	2
45	38	2
45	55	2
45	56	1
45	122	1
45	126	2
46	48	2
46	50	1
46	58	2
46	109	1
46	117	2
46	123	1
46	127	2
47	12	2
47	33	2
47	52	2
47	53	1
47	63	2
47	77	2
48	23	1
48	31	2
48	37	1
48	45	1
48	50	2
48	72	1
48	77	2
48	81	1
48	112	1
48	118	2
49	5	1
49	8	2
49	20	1
49	41	1
49	74	2
49	86	1
49	109	1
49	127	2
50	7	1
50	19	1
50	43	1
50	77	1
50	79	2
50	123	1
51	19	2
51	40	2
51	64	1
51	105	2
52	66	1
52	77	1
52	93	1
52	107	2
52	108	2
52	110	2
52	127	2
53	69	1
53	81	1
53	101	2
53	111	1
54	20	1
54	55	1
54	60	2
54	78	2
54	98	1
54	103	2
54	112	1
55	8	2
55	20	1
55	32	2
55	82	2
55	89	1
55	103	1
55	123	2
56	6	2
56	19	2
56	37	2
56	97	2
56	121	2
57	15	2
57	19	2
57	69	2
57	100	1
57	126	2
58	13	1
58	17	2
58	27	2
58	90	2
58	92	2
58	96	1
58	101	2
59	23	2
59	75	1
59	87	1
59	88	2
59	115	2
60	25	2
60	48	1
60	53	2
60	55	2
60	110	1
61	19	2
61	108	2
62	24	2
62	48	1
62	62	1
62	66	2
62	77	2
62	94	1
62	110	2
62	117	2
62	126	1
63	9	2
63	27	1
63	60	2
63	92	1
63	93	1
63	96	2
64	28	2
64	39	2
64	53	2
64	85	1
64	89	1
64	106	2
65	41	2
65	104	1
66	20	1
66	21	2
66	88	2
66	93	2
66	108	2
66	115	1
67	44	2
67	56	1
67	83	2
67	88	1
67	108	1
67	112	1
67	122	2
68	28	2
68	51	1
68	68	2
68	69	1
68	71	1
68	82	2
68	101	2
68	115	1
69	14	1
69	19	1
69	33	2
69	40	2
69	54	2
69	86	2
70	17	2
70	39	2
70	41	2
70	47	2
70	53	2
70	65	1
70	76	1
70	87	2
70	100	2
70	112	2
70	116	2
70	117	2
70	120	2
71	4	1
71	10	2
71	21	2
71	44	1
71	91	2
71	111	2
72	23	1
72	36	1
72	71	2
72	93	1
72	110	2
72	113	1
73	40	2
73	44	2
73	61	2
73	77	2
74	9	1
74	22	2
74	41	2
74	43	2
74	55	1
74	81	2
74	89	1
75	6	2
75	23	2
75	26	2
75	27	1
75	51	1
75	85	1
75	102	2
75	120	2
76	19	2
76	25	2
76	27	1
76	49	1
76	78	2
76	123	1
77	4	1
77	10	1
77	14	2
77	24	1
77	36	1
77	45	2
77	90	2
77	103	1
77	115	2
78	0	1
78	11	1
78	48	1
78	50	2
78	52	2
78	55	2
78	60	1
78	75	2
78	76	1
78	85	1
78	108	1
79	52	2
79	57	2
79	85	2
79	94	2
79	123	2
80	4	2
80	10	1
80	26	1
80	38	2
80	51	1
80	54	1
80	67	1
80	82	1
80	92	2
81	13	2
81	41	1
81	50	2
81	60	1
81	70	2
81	89	2
81	122	2
82	80	2
82	92	1
83	19	1
83	53	1
83	71	1
83	78	1
83	109	1
83	120	2
84	15	2
84	26	1
84	40	2
84	63	2
84	76	1
84	107	2
84	120	1
84	121	1
85	14	2
85	39	2
85	61	1
85	127	1
86	8	1
86	10	2
86	19	2
86	32	2
86	41	1
86	58	2
86	70	2
86	87	1
87	12	2
87	30	2
87	53	1
87	61	1
87	118	2
87	124	2
88	105	2
89	43	1
89	62	2
90	6	1
90	24	2
90	64	2
90	69	2
90	107	1
90	112	1
90	116	2
90	121	1
91	21	1
91	24	1
91	27	2
91	34	1
92	22	1
92	41	1
92	65	1
92	91	2
92	109	2
93	83	1
93	110	1
93	115	2
93	126	2
94	10	1
94	37	2
94	91	1
94	109	2
95	10	2
95	12	2
95	16	2
95	59	2
95	83	2
95	88	1
95	113	2
95	120	2
96	17	1
96	49	2
96	66	2
96	85	2
96	126	2
97	18	1
97	48	2
97	55	2
97	62	1
97	72	2
97	88	2
98	8	1
98	20	1
98	41	1
98	45	2
98	124	2
98	126	2
99	0	1
99	65	1
99	73	1
99	80	2
99	127	1
100	15	1
100	25	2
100	33	2
100	39	2
100	48	1
100	54	1
100	56	1
100	71	2
100	117	1
100	123	1
101	2	1
101	22	1
101	75	2
102	4	2
102	9	2
102	20	1
102	42	1
102	49	1
102	56	2
102	110	1
102	112	2
103	0	1
103	6	2
103	14	1
103	80	1
103	101	1
103	102	1
103	109	2
103	117	2
104	8	2
104	9	1
104	14	2
104	42	1
104	47	1
104	55	1
104	73	1
104	115	2
104	125	2
105	11	1
105	19	1
105	66	2
105	74	2
105	99	2
105	100	2
105	102	2
105	107	2
105	117	2
106	31	2
106	35	2
106	59	2
106	82	1
106	126	1
107	0	1
107	19	2
107	20	1
107	44	2
107	63	2
107	64	2
107	85	2
107	86	1
107	88	2
107	105	2
107	125	1
107	127	2
108	13	2
108	51	1
108	73	1
108	104	1
108	119	1
109	25	1
109	28	2
109	65	2
109	70	2
109	77	2
109	80	2
109	101	2
109	108	1
109	118	2
110	12	2
110	26	1
110	29	2
110	33	1
110	36	2
110	44	2
110	69	2
110	78	2
110	82	1
110	85	1
111	18	1
111	25	2
111	56	2
111	57	1
111	63	2
111	71	2
112	11	1
112	31	2
112	56	1
112	63	2
112	69	2
112	84	1
112	94	1
112	97	2
113	5	2
113	15	1
113	28	2
113	30	2
113	32	2
113	34	2
113	49	1
113	75	2
113	93	2
113	101	2
113	108	2
113	112	1
113	119	2
114	6	1
114	26	2
114	63	1
114	70	1
114	77	1
114	104	1
114	107	2
114	117	2
115	7	1
115	17	1
115	29	2
115	62	2
115	64	1
115	81	1
115	82	1
115	124	1
116	6	2
116	10	1
116	24	1
116	30	2
116	59	2
117	40	2
117	70	2
117	125	1
118	59	2
119	58	2
119	79	2
120	13	1
120	14	1
120	28	1
120	37	2
120	70	1
120	74	2
120	87	2
120	105	1
120	113	1
121	1	2
121	36	1
121	49	1
121	53	2
121	65	2
121	86	1
122	8	1
122	16	2
122	54	1
122	84	1
123	42	2
123	53	2
123	60	1
123	94	1
123	98	2
123	125	1
124	24	2
124	51	2
124	70	2
124	126	1
125	16	2
125	38	2
125	42	2
125	46	1
125	67	1
126	9	1
126	22	1
126	56	2
126	83	2
126	84	2
127	8	1
127	19	2
127	70	2
127	82	2
127	88	2
127	117	1
127	119	2
127	121	2
