0	18	2
0	34	2
0	62	2
0	64	2
0	66	1
0	102	2
0	107	1
0	118	2
0	119	2
1	1	2
1	66	1
1	75	2
1	82	2
1	89	1
1	115	2
1	123	2
2	11	2
2	19	1
2	80	1
2	95	2
2	107	1
2	120	2
3	97	1
4	18	1
4	22	2
4	24	2
4	25	2
4	28	2
4	55	1
5	1	2
5	8	1
5	48	1
5	74	2
5	90	2
6	11	2
6	23	1
6	50	1
6	94	1
6	107	1
6	117	2
7	6	2
7	14	2
7	16	1
7	36	2
7	40	2
7	59	2
7	71	1
7	112	1
7	113	2
8	65	2
8	83	2
8	91	1
8	119	2
9	0	2
9	6	2
9	19	2
9	32	1
9	33	2
9	41	1
9	47	2
9	73	2
9	98	1
9	113	1
9	117	1
9	122	2
10	70	2
10	81	2
10	101	1
10	111	1
10	113	1
11	41	2
11	43	1
11	116	2
11	120	1
12	5	1
12	48	1
12	77	1
12	82	2
12	86	2
12	90	1
12	93	2
12	120	1
13	14	2
13	58	2
13	60	2
13	79	2
13	81	1
13	101	2
13	104	1
13	121	1
14	9	2
14	32	2
14	71	2
14	93	1
14	101	1
14	110	1
14	118	2
14	120	2
14	126	1
15	29	2
15	88	1
15	118	2
15	123	2
16	51	2
16	56	2
16	110	1
17	9	2
17	37	2
17	42	2
17	55	1
17	70	2
17	75	1
17	77	2
17	85	2
17	124	2
18	15	2
18	20	2
18	72	1
18	96	2
18	105	1
18	110	1
18	113	1
19	104	1
19	117	2
20	11	2
20	38	2
20	40	1
20	58	1
20	107	1
20	108	1
20	112	2
21	45	1
21	49	2
21	51	1
21	77	2
21	82	2
21	85	1
21	117	1
22	7	2
22	19	2
22	38	1
22	48	2
22	60	2
22	62	1
22	63	1
22	112	2
22	123	1
23	47	2
23	126	2
24	15	2
24	18	2
24	26	1
24	61	1
24	93	1
25	6	2
25	19	2
25	40	1
25	49	2
25	54	2
25	105	1
25	126	2
26	14	1
26	31	1
26	60	1
26	69	2
26	71	2
26	103	2
26	115	2
26	120	1
26	123	1
26	127	1
27	8	2
27	10	2
27	27	1
27	53	1
27	100	1
27	112	1
27	122	2
28	23	1
28	70	2
28	71	1
28	127	2
29	13	2
29	20	2
29	24	2
29	27	2
29	36	1
29	37	1
29	39	2
29	83	2
29	122	1
30	44	1
30	68	2
30	91	1
30	109	1
31	26	2
31	31	2
31	38	2
31	49	2
31	66	1
31	125	1
32	27	1
32	31	2
32	48	1
32	65	1
32	110	2
32	123	2
33	9	1
33	16	2
33	20	2
33	23	2
33	32	1
33	51	1
33	56	1
33	62	2
33	109	2
33	112	2
34	8	2
34	12	1
34	36	2
34	40	1
34	44	1
34	77	2
34	93	2
34	104	1
34	115	2
35	42	2
35	47	2
35	78	2
35	83	1
35	87	2
36	15	1
36	17	2
36	22	1
36	37	1
36	49	2
36	85	1
36	102	2
36	115	1
37	20	2
37	27	2
37	85	2
37	96	1
37	117	1
38	38	1
38	53	2
38	65	1
38	75	1
38	82	1
38	112	2
38	118	2
39	21	2
39	30	1
39	51	2
39	53	1
39	61	1
39	70	1
39	74	2
39	88	1
39	93	2
40	14	1
40	64	2
40	69	2
40	74	1
40	75	2
40	90	2
40	97	2
40	104	2
40	110	1
40	112	1
40	123	1
41	12	1
41	19	2
41	66	1
41	81	2
41	103	2
42	87	1
42	121	1
42	122	2
43	4	2
43	13	2
43	15	2
43	19	2
43	44	1
43	54	1
43	57	2
43	70	2
43	91	2
43	93	2
44	6	1
44	22	1
44	26	1
44	80	1
44	89	1
45	10	1
45	17	2
45	40	2
45	70	2
45	92	1
45	104	1
45	109	2
46	17	2
46	18	1
46	39	2
46	56	2
46	67	1
46	81	1
46	87	2
47	20	2
47	32	2
47	50	2
47	83	2
47	109	1
47	125	2
48	3	2
48	24	2
48	25	1
48	26	2
48	31	1
48	34	1
48	35	1
48	56	1
48	85	1
48	92	2
49	16	1
49	19	2
49	54	1
49	60	1
49	62	2
49	63	1
49	73	2
49	87	1
50	12	1
50	46	1
50	53	1
50	59	1
50	112	2
50	125	1
51	14	2
51	42	2
51	86	1
51	88	2
52	10	1
52	53	1
52	85	2
52	86	2
52	94	1
52	116	2
52	126	2
53	15	1
53	22	1
53	63	1
53	65	2
54	12	1
54	24	1
54	30	2
54	41	1
54	124	2
54	125	2
54	126	1
55	33	1
55	34	2
55	52	2
55	108	2
55	110	2
55	117	1
55	124	1
56	13	2
56	25	2
56	74	2
56	90	2
56	122	2
57	19	1
57	45	2
57	46	2
57	88	2
57	108	2
58	8	2
58	36	2
58	52	1
58	55	1
58	59	2
58	86	2
58	87	2
59	0	2
59	14	1
59	66	2
59	102	1
59	115	2
60	30	2
60	55	1
60	80	2
60	92	1
60	97	2
61	22	2
61	47	2
62	0	1
62	28	1
62	40	1
62	61	2
62	66	2
62	69	2
62	79	1
62	115	2
62	121	2
63	1	1
63	30	2
63	33	2
63	38	2
63	52	1
63	127	1
64	14	2
64	74	2
64	77	1
64	81	2
64	108	2
64	111	1
65	50	2
65	55	1
66	0	2
66	19	1
66	40	2
66	88	2
66	92	1
66	119	2
67	16	2
67	21	1
67	30	1
67	54	2
67	56	2
67	63	1
67	113	1
68	27	2
68	51	1
68	53	1
68	73	1
68	81	2
68	86	2
68	107	1
68	117	2
69	10	2
69	13	1
69	56	2
69	70	1
69	82	2
69	120	2
70	4	2
70	6	2
70	14	2
70	15	2
70	17	2
70	20	2
70	23	2
70	24	1
70	50	2
70	55	2
70	78	2
70	89	2
70	118	1
71	9	1
71	53	2
71	68	2
71	78	2
71	101	2
71	112	1
72	29	2
72	30	2
72	33	1
72	85	1
72	111	1
72	117	1
73	6	2
73	32	2
73	60	2
73	120	2
74	19	2
74	26	1
74	57	2
74	78	1
74	91	2
74	107	1
74	126	2
75	5	1
75	8	1
75	42	2
75	43	2
75	44	1
75	107	2
75	110	2
75	119	2
76	4	1
76	19	2
76	33	2
76	38	1
76	109	2
76	123	1
77	8	1
77	36	1
77	48	1
77	50	1
77	60	2
77	65	2
77	71	2
77	109	1
77	112	2
78	32	1
78	55	1
78	60	1
78	64	1
78	66	1
78	80	2
78	88	2
78	98	2
78	111	2
78	117	1
78	121	1
79	5	2
79	25	2
79	26	2
79	54	2
79	84	2
80	7	2
80	10	2
80	24	1
80	51	1
80	61	1
80	94	1
80	103	2
80	111	1
80	117	1
81	58	2
81	65	2
81	80	2
81	82	1
81	89	1
81	92	2
81	101	2
82	45	2
82	120	1
83	29	2
83	50	1
83	69	1
83	70	1
83	76	1
83	94	1
84	14	1
84	15	2
84	28	2
84	41	2
84	44	1
84	82	2
84	122	1
84	123	1
85	10	2
85	35	1
85	39	2
85	72	1
86	10	2
86	29	1
86	53	2
86	55	2
86	59	2
86	61	2
86	80	1
86	95	1
87	11	1
87	30	2
87	64	1
87	82	2
87	89	2
87	113	2
88	29	2
89	43	1
89	127	2
90	6	1
90	9	1
90	10	2
90	21	1
90	42	2
90	50	1
90	101	2
90	121	2
91	7	1
91	21	2
91	72	1
91	108	1
92	3	1
92	12	2
92	25	1
92	119	2
92	124	1
93	65	1
93	99	2
93	101	1
93	108	2
94	10	1
94	19	2
94	57	2
94	93	1
95	9	2
95	14	2
95	37	2
95	48	2
95	63	2
95	69	2
95	105	1
95	127	2
96	14	2
96	53	1
96	65	2
96	71	2
96	85	2
97	28	2
97	71	2
97	79	2
97	87	2
97	101	1
97	116	1
98	17	1
98	20	1
98	68	2
98	74	2
98	112	1
98	118	2
99	25	1
99	49	2
99	92	1
99	103	1
99	108	1
100	8	1
100	13	2
100	19	2
100	20	1
100	65	1
100	97	1
100	99	2
100	102	1
100	104	2
100	106	1
101	21	1
101	43	1
101	107	2
102	22	2
102	33	1
102	41	2
102	67	1
102	77	1
102	87	2
102	113	1
102	118	2
103	6	2
103	19	1
103	28	2
103	66	1
103	84	1
103	90	1
103	108	1
103	115	2
104	1	2
104	29	1
104	35	1
104	41	1
104	49	2
104	94	1
104	97	2
104	101	2
104	102	1
105	4	2
105	39	2
105	61	2
105	66	2
105	69	2
105	73	1
105	77	2
105	85	1
105	94	2
106	36	2
106	77	2
106	79	2
106	84	1
106	127	1
107	6	1
107	25	2
107	30	2
107	48	2
107	51	2
107	62	2
107	63	2
107	64	2
107	75	2
107	88	1
107	100	1
107	121	1
108	78	1
108	82	1
108	85	1
108	91	1
108	120	2
109	1	2
109	6	2
109	14	1
109	18	1
109	39	2
109	68	2
109	69	2
109	76	2
109	127	2
110	11	1
110	38	1
110	41	2
110	44	2
110	49	2
110	55	1
110	65	2
110	75	2
110	78	1
110	116	2
111	49	1
111	53	2
111	63	2
111	72	2
111	84	1
111	123	2
112	0	2
112	5	2
112	20	1
112	26	2
112	61	1
112	85	1
112	100	1
112	120	2
113	7	2
113	13	2
113	26	2
113	36	1
113	56	2
113	59	2
113	70	2
113	76	2
113	77	1
113	83	2
113	96	1
113	108	2
113	125	2
114	56	1
114	74	2
114	87	2
114	88	1
114	93	1
114	99	2
114	100	1
114	106	1
115	8	1
115	15	1
115	22	1
115	23	1
115	27	1
115	39	2
115	59	2
115	112	1
116	58	2
116	63	2
116	84	2
116	105	1
116	126	1
117	6	2
117	51	1
117	105	2
118	91	2
119	24	2
119	54	2
120	2	2
120	14	1
120	23	1
120	33	1
120	35	1
120	41	2
120	59	2
120	60	1
120	125	1
121	25	2
121	42	1
121	55	1
121	75	2
121	98	2
121	126	1
122	8	1
122	89	2
122	109	1
122	120	1
123	11	1
123	19	2
123	26	2
123	43	1
123	81	2
123	110	1
124	12	2
124	28	1
124	55	2
124	117	2
125	12	2
125	18	1
125	25	2
125	38	2
125	115	1
126	37	2
126	45	2
126	68	2
126	82	1
126	127	1
127	22	2
127	31	2
127	41	2
127	45	2
127	53	2
127	61	2
127	63	1
127	91	1
