0	13	2
0	36	2
0	65	1
0	93	2
0	108	2
0	109	1
0	117	2
0	120	2
0	121	2
1	25	1
1	32	2
1	65	2
1	66	2
1	76	1
1	94	2
1	101	2
2	30	1
2	60	2
2	77	2
2	82	1
2	88	2
2	112	1
3	91	1
4	43	2
4	85	1
4	110	1
4	112	2
4	118	2
4	123	2
5	30	2
5	42	2
5	50	2
5	54	1
5	70	1
6	19	2
6	30	1
6	35	1
6	61	1
6	104	1
6	120	2
7	4	1
7	5	2
7	14	2
7	25	2
7	53	1
7	66	2
7	94	1
7	120	2
7	125	2
8	24	2
8	41	2
8	85	2
8	118	1
9	4	1
9	40	2
9	50	1
9	60	2
9	69	2
9	78	2
9	81	1
9	83	1
9	100	2
9	110	1
9	113	2
9	125	2
10	11	2
10	14	1
10	20	1
10	27	1
10	107	2
11	68	1
11	77	2
11	107	1
11	120	2
12	8	1
12	9	1
12	14	2
12	26	1
12	39	1
12	92	1
12	98	2
12	102	2
13	8	1
13	19	2
13	54	2
13	56	2
13	92	1
13	111	1
13	123	2
13	124	2
14	12	2
14	25	1
14	29	1
14	39	2
14	64	2
14	69	2
14	93	2
14	112	1
14	118	1
15	26	1
15	37	2
15	58	2
15	75	2
16	1	2
16	59	2
16	115	1
17	20	2
17	21	2
17	29	2
17	33	2
17	38	2
17	42	2
17	45	1
17	70	1
17	113	2
18	50	2
18	55	2
18	79	1
18	91	1
18	116	2
18	117	1
18	126	1
19	12	1
19	107	2
20	14	1
20	30	1
20	37	2
20	65	2
20	68	1
20	70	2
20	108	1
21	25	1
21	78	1
21	86	2
21	93	2
21	112	1
21	115	2
21	123	1
22	13	1
22	18	2
22	28	1
22	33	1
22	48	2
22	82	1
22	96	2
22	112	2
22	123	2
23	40	2
23	57	2
24	26	2
24	41	1
24	69	1
24	78	2
24	127	1
25	11	2
25	26	1
25	32	2
25	63	2
25	79	2
25	118	1
25	123	2
26	6	1
26	10	2
26	22	1
26	36	1
26	55	1
26	63	2
26	77	1
26	82	1
26	87	2
26	102	2
27	42	2
27	71	1
27	72	1
27	88	1
27	99	1
27	108	2
27	117	2
28	10	2
28	25	1
28	46	2
28	60	1
29	8	2
29	19	1
29	25	2
29	52	1
29	59	1
29	66	2
29	91	2
29	100	2
29	115	2
30	8	1
30	20	1
30	22	1
30	101	2
31	45	1
31	48	1
31	60	2
31	80	2
31	101	2
31	103	2
32	20	1
32	51	1
32	70	2
32	71	2
32	101	1
32	103	2
33	12	2
33	20	2
33	22	1
33	27	2
33	49	1
33	85	1
33	102	2
33	112	2
33	113	1
33	117	2
34	13	2
34	19	2
34	39	1
34	51	2
34	61	1
34	65	2
34	75	1
34	117	2
34	122	1
35	15	2
35	31	2
35	48	2
35	56	2
35	93	1
36	17	1
36	26	1
36	28	2
36	54	1
36	77	1
36	94	2
36	102	2
36	108	1
37	41	1
37	49	2
37	53	2
37	60	1
37	99	2
38	10	1
38	19	2
38	38	1
38	55	1
38	89	2
38	116	1
38	120	2
39	6	1
39	19	2
39	24	1
39	42	2
39	51	1
39	56	2
39	70	1
39	77	2
39	127	1
40	6	2
40	14	1
40	15	2
40	18	1
40	25	1
40	28	2
40	56	2
40	74	2
40	103	1
40	118	1
40	123	2
41	6	2
41	14	1
41	55	2
41	82	2
41	84	1
42	14	1
42	79	1
42	94	2
43	9	2
43	15	1
43	18	1
43	27	2
43	35	2
43	36	2
43	50	2
43	71	2
43	74	2
43	89	2
44	12	1
44	34	1
44	39	1
44	65	1
44	105	1
45	24	1
45	33	1
45	36	2
45	43	1
45	53	2
45	89	2
45	116	2
46	24	1
46	30	2
46	50	1
46	54	1
46	67	2
46	85	2
46	121	2
47	0	2
47	5	2
47	54	2
47	64	2
47	117	1
47	126	2
48	19	1
48	41	2
48	53	1
48	66	1
48	81	2
48	97	2
48	104	2
48	109	1
48	120	1
48	124	1
49	24	1
49	32	2
49	53	1
49	55	2
49	62	1
49	74	1
49	75	2
49	112	1
50	18	2
50	24	1
50	49	1
50	55	1
50	93	1
50	108	1
51	33	2
51	44	2
51	87	2
51	90	1
52	23	1
52	29	1
52	68	2
52	92	2
52	97	1
52	101	2
52	107	2
53	8	1
53	75	1
53	107	2
53	109	1
54	43	1
54	45	1
54	58	2
54	71	2
54	85	1
54	90	1
54	113	2
55	21	1
55	53	2
55	87	2
55	89	2
55	110	1
55	121	1
55	126	2
56	14	2
56	44	2
56	56	2
56	62	2
56	115	2
57	18	2
57	61	2
57	103	2
57	111	1
57	123	2
58	15	2
58	23	2
58	37	1
58	43	2
58	75	1
58	108	2
58	110	2
59	1	1
59	3	2
59	12	2
59	14	1
59	70	2
60	19	1
60	81	1
60	82	2
60	83	2
60	88	2
61	4	2
61	112	2
62	10	1
62	19	2
62	37	1
62	43	2
62	60	2
62	68	2
62	72	1
62	98	2
62	112	1
63	6	1
63	50	2
63	58	1
63	61	1
63	120	2
63	126	2
64	6	1
64	21	2
64	41	2
64	53	2
64	71	1
64	76	2
65	34	1
65	51	2
66	16	1
66	33	2
66	59	2
66	110	2
66	122	2
66	127	1
67	10	1
67	40	2
67	53	1
67	64	2
67	74	1
67	84	2
67	124	1
68	6	1
68	26	2
68	40	2
68	107	1
68	108	2
68	115	1
68	119	1
68	122	2
69	4	2
69	19	2
69	51	1
69	82	2
69	90	2
69	104	1
70	2	2
70	20	2
70	31	2
70	37	2
70	42	2
70	47	1
70	51	2
70	69	2
70	72	2
70	84	2
70	85	2
70	95	1
70	121	2
71	16	1
71	21	2
71	53	2
71	59	1
71	87	2
71	127	2
72	30	1
72	40	1
72	62	2
72	74	2
72	85	1
72	112	1
73	93	2
73	96	2
73	111	2
73	118	2
74	6	1
74	44	2
74	45	1
74	59	1
74	66	2
74	73	2
74	92	2
75	14	2
75	16	2
75	41	2
75	53	1
75	65	2
75	66	1
75	102	1
75	108	2
76	0	2
76	15	1
76	65	2
76	109	1
76	116	1
76	118	2
77	5	1
77	8	2
77	10	2
77	30	2
77	59	1
77	63	2
77	68	1
77	90	1
77	120	1
78	7	2
78	9	1
78	11	2
78	17	1
78	25	1
78	33	1
78	60	1
78	63	2
78	81	1
78	101	2
78	125	1
79	8	2
79	10	2
79	19	2
79	81	2
79	106	2
80	9	1
80	17	1
80	20	2
80	41	1
80	55	2
80	89	2
80	97	1
80	109	1
80	127	1
81	22	2
81	29	2
81	35	1
81	41	1
81	82	2
81	85	2
81	117	2
82	13	1
82	17	2
83	23	2
83	38	1
83	54	1
83	62	1
83	77	1
83	110	1
84	6	2
84	11	1
84	32	2
84	58	2
84	79	1
84	83	2
84	104	1
84	112	1
85	100	2
85	105	1
85	119	2
85	122	1
86	1	1
86	32	2
86	48	1
86	64	2
86	101	2
86	107	1
86	112	2
86	117	2
87	28	1
87	30	2
87	44	2
87	88	2
87	100	1
87	109	2
88	88	2
89	70	2
89	87	1
90	15	1
90	35	2
90	48	1
90	56	2
90	57	2
90	99	1
90	120	1
90	126	2
91	16	1
91	38	1
91	49	1
91	88	2
92	51	1
92	59	2
92	69	1
92	105	2
92	115	1
93	27	1
93	36	2
93	38	1
93	88	2
94	42	1
94	62	1
94	63	2
94	125	2
95	32	2
95	33	2
95	34	2
95	51	2
95	63	1
95	78	2
95	85	2
95	98	2
96	8	2
96	19	2
96	23	2
96	61	1
96	120	2
97	1	2
97	5	2
97	57	1
97	69	2
97	97	2
97	126	1
98	11	1
98	28	2
98	39	1
98	84	1
98	119	2
98	120	2
99	9	1
99	14	1
99	22	2
99	40	1
99	81	1
100	18	2
100	22	1
100	39	1
100	40	1
100	55	2
100	77	2
100	80	1
100	83	2
100	91	1
100	101	1
101	0	1
101	61	1
101	113	2
102	19	1
102	22	2
102	63	2
102	65	2
102	78	1
102	80	2
102	89	1
102	127	1
103	9	1
103	15	2
103	49	1
103	64	1
103	94	1
103	115	2
103	119	1
103	121	2
104	1	1
104	19	2
104	38	1
104	47	2
104	48	2
104	73	1
104	91	1
104	110	1
104	124	2
105	7	2
105	70	2
105	73	2
105	85	1
105	86	2
105	87	2
105	90	2
105	105	2
105	127	1
106	10	1
106	21	1
106	28	2
106	47	2
106	123	2
107	23	2
107	26	2
107	27	2
107	38	2
107	41	1
107	48	2
107	65	1
107	66	2
107	72	2
107	86	2
107	117	1
107	121	1
108	71	1
108	82	1
108	108	1
108	122	1
108	126	2
109	13	2
109	15	1
109	17	1
109	49	2
109	55	2
109	75	2
109	92	2
109	104	2
109	105	2
110	7	1
110	12	2
110	36	2
110	44	1
110	56	1
110	86	2
110	87	2
110	94	1
110	111	2
110	119	2
111	23	2
111	52	2
111	61	2
111	83	1
111	84	2
111	123	1
112	0	2
112	3	1
112	6	1
112	49	2
112	53	1
112	77	2
112	80	2
112	117	1
113	12	2
113	22	2
113	27	2
113	31	2
113	49	1
113	61	2
113	85	2
113	87	1
113	92	2
113	93	2
113	104	2
113	122	2
113	125	1
114	7	2
114	14	1
114	20	1
114	25	2
114	31	1
114	38	1
114	63	1
114	96	2
115	0	1
115	29	1
115	36	1
115	50	2
115	55	2
115	71	1
115	93	1
115	95	1
116	11	1
116	46	1
116	97	2
116	111	2
116	117	2
117	19	1
117	74	2
117	113	2
118	6	2
119	66	2
119	70	2
120	14	1
120	20	2
120	65	2
120	75	2
120	76	1
120	78	1
120	91	1
120	106	1
120	125	1
121	55	1
121	80	2
121	81	1
121	109	2
121	115	1
121	127	2
122	24	2
122	31	1
122	56	1
122	82	1
123	26	2
123	45	1
123	60	1
123	74	1
123	77	2
123	86	2
124	13	2
124	44	1
124	67	2
124	73	2
125	10	2
125	26	2
125	63	1
125	110	2
125	113	1
126	8	2
126	66	2
126	80	1
126	82	2
126	107	1
127	29	2
127	47	1
127	52	2
127	69	1
127	88	2
127	91	2
127	101	2
127	126	2
