0	18	2
0	19	2
0	23	2
0	34	1
0	39	2
0	50	1
0	65	2
0	78	2
0	95	2
1	23	2
1	25	2
1	27	2
1	60	2
1	66	2
1	72	2
1	73	2
2	0	1
2	16	1
2	18	2
2	116	2
2	117	1
3	3	2
3	111	2
4	7	1
4	45	1
4	52	1
4	60	2
4	89	1
4	97	1
4	117	2
4	126	1
5	8	2
5	42	2
5	69	1
5	91	2
5	97	2
5	114	1
5	119	1
5	127	2
6	25	2
6	29	2
6	53	1
6	63	1
6	98	1
6	115	1
7	31	1
7	69	2
7	86	2
7	108	2
7	111	1
7	121	1
8	40	1
8	46	1
8	55	1
8	114	2
8	126	1
9	2	2
9	83	1
10	1	1
10	17	2
10	26	2
10	44	2
10	69	2
10	78	2
10	94	1
11	10	1
11	21	2
11	27	2
11	31	1
11	54	1
11	62	1
11	77	1
11	81	2
12	15	1
12	23	2
12	59	1
12	66	1
12	96	1
13	27	1
13	34	1
13	61	1
13	67	1
13	107	2
14	9	2
14	32	2
14	91	2
14	122	1
15	5	2
15	54	2
15	82	2
15	89	1
15	102	2
15	105	1
16	23	2
16	37	2
16	52	2
16	70	1
16	82	2
17	58	1
17	62	2
17	72	2
17	119	2
18	16	2
18	46	1
18	65	1
18	102	2
18	110	1
19	7	2
19	26	2
19	28	2
19	33	2
19	41	1
19	111	2
19	126	2
20	66	1
20	88	2
20	104	2
21	19	2
21	35	1
21	93	1
21	100	1
21	116	2
22	1	1
22	31	1
22	117	2
23	25	2
23	30	2
23	58	2
23	68	2
23	74	2
23	87	2
23	95	1
23	120	1
24	39	2
24	44	1
24	46	1
24	77	2
24	88	1
24	99	1
24	116	1
24	126	2
24	127	1
25	13	1
25	27	1
25	40	2
25	54	1
25	61	1
25	88	2
25	123	1
26	32	1
26	70	2
26	78	1
26	96	1
26	109	1
27	0	1
27	12	2
27	43	1
27	72	2
27	95	1
27	106	2
27	111	1
28	0	2
28	18	1
28	60	2
28	67	2
28	73	2
28	74	2
28	81	1
28	93	2
28	126	1
29	4	1
29	39	2
29	51	2
29	57	2
29	60	2
29	62	1
29	96	2
29	109	1
29	114	2
29	115	2
29	117	2
30	9	1
30	51	2
30	86	2
30	94	1
30	122	2
31	1	1
31	8	1
31	26	1
31	73	2
31	96	1
31	122	1
32	4	2
32	5	1
32	17	2
32	20	1
32	51	2
32	67	2
32	96	1
32	102	1
33	13	1
33	34	1
33	58	1
33	59	1
33	80	2
33	105	1
33	121	1
34	24	2
34	46	2
34	50	1
34	53	1
34	106	1
34	107	2
34	117	1
34	124	1
35	59	2
35	81	2
35	96	1
35	106	1
35	115	1
36	45	2
36	60	1
36	66	1
36	77	2
36	85	2
36	123	1
37	8	1
37	70	2
37	74	1
37	78	2
38	39	2
38	44	1
38	88	1
39	12	1
39	28	2
39	31	1
39	39	2
39	61	2
39	64	2
39	90	1
39	108	1
40	15	1
40	19	1
40	29	1
40	114	2
40	122	1
40	125	2
41	14	2
41	27	1
41	73	2
41	90	1
41	93	1
42	90	1
43	9	1
43	12	2
43	20	2
43	26	1
43	53	2
43	71	1
43	84	2
43	93	2
43	102	2
43	103	1
43	112	2
43	120	2
44	1	2
44	4	2
44	34	2
44	46	1
44	58	1
44	95	1
44	109	2
44	119	1
44	126	2
45	4	2
45	24	2
45	40	1
45	55	2
45	103	1
46	1	2
46	10	1
46	73	2
47	19	2
47	39	1
47	62	2
47	97	1
47	114	1
48	58	1
48	68	2
48	96	2
48	112	2
48	119	2
49	7	2
49	11	1
49	30	1
49	37	1
49	42	1
49	73	2
49	75	2
50	18	2
50	48	1
50	62	2
50	70	1
50	71	2
50	74	2
50	113	1
50	114	2
51	15	1
51	57	1
51	65	2
51	75	2
51	86	1
52	24	1
52	30	2
52	34	2
52	43	1
52	44	1
52	59	1
52	66	2
52	80	1
52	85	1
52	102	2
52	105	2
52	116	1
53	4	1
53	11	1
53	12	1
53	57	1
53	103	1
54	1	2
54	11	1
54	21	2
54	28	2
54	52	1
54	60	1
54	64	1
54	116	1
55	33	2
55	42	1
55	84	2
55	101	1
55	111	2
55	118	2
56	22	1
56	58	2
56	76	1
56	102	2
56	103	1
56	106	1
57	65	2
57	72	2
57	91	2
57	95	2
57	113	2
57	123	1
57	124	1
58	8	1
58	55	2
58	69	2
58	84	1
58	103	2
59	27	2
59	35	2
59	61	1
59	101	1
59	112	1
59	114	2
60	13	2
60	28	2
60	43	2
60	73	1
61	7	1
61	23	1
61	31	2
61	39	1
61	63	2
61	78	2
62	32	1
62	41	2
62	44	1
62	45	2
62	64	2
62	79	1
62	118	1
62	119	1
62	123	2
63	5	1
63	14	1
63	19	2
63	41	1
63	53	1
63	56	1
63	64	1
63	78	1
63	92	2
64	36	1
64	56	1
65	9	1
65	63	1
65	75	1
66	82	2
66	95	2
66	100	1
66	102	1
66	109	1
67	1	2
67	22	1
67	46	1
67	58	1
67	61	1
67	112	2
67	114	2
68	30	1
68	53	2
68	79	2
68	88	1
69	21	2
69	41	1
69	116	1
69	124	2
70	12	1
70	19	2
70	21	1
70	71	2
70	97	1
70	119	1
71	17	2
71	38	1
71	39	1
71	48	2
71	65	1
71	88	1
71	98	1
72	27	1
72	33	1
72	63	2
72	75	2
72	77	2
72	104	1
73	11	2
73	24	1
73	37	2
73	52	2
73	62	2
73	73	1
73	90	2
73	123	2
73	125	2
74	1	1
74	3	1
74	31	1
74	70	2
74	73	2
74	78	2
74	125	2
74	126	2
75	5	2
75	9	2
75	33	2
75	39	1
75	43	2
76	4	1
76	5	2
76	9	1
76	12	1
76	23	1
76	31	2
76	49	2
76	65	1
76	67	2
76	84	2
76	87	2
77	6	2
77	26	2
77	29	1
77	53	2
77	97	2
77	112	1
78	1	2
78	2	2
78	25	2
78	33	1
78	36	1
78	39	2
78	51	1
78	56	1
78	60	1
78	72	1
79	12	2
79	19	1
79	25	1
79	39	2
79	73	1
79	85	2
79	98	1
79	113	2
79	114	2
79	115	2
80	13	2
80	14	1
80	58	2
80	87	2
80	90	2
81	8	2
81	17	2
81	38	2
81	49	2
81	51	1
81	63	1
81	65	2
81	68	2
81	80	1
81	94	2
81	99	2
82	17	2
82	46	1
82	61	2
82	62	1
82	65	1
82	89	2
83	58	1
83	67	1
83	110	1
84	45	1
84	56	1
84	67	1
84	68	2
84	76	2
84	93	1
84	96	2
84	104	2
84	114	1
84	118	1
85	9	2
85	25	2
85	36	1
85	51	2
85	73	2
85	79	2
85	122	1
86	14	2
86	35	2
86	49	2
86	56	2
86	57	1
86	59	1
86	63	2
86	65	2
86	72	1
86	118	1
87	7	1
87	20	1
87	47	2
87	73	2
87	84	1
88	34	1
88	46	2
88	53	1
88	74	1
88	79	2
88	93	2
88	106	2
89	2	1
89	19	1
89	96	1
89	107	2
90	24	2
90	28	2
90	30	1
90	34	1
90	50	2
90	51	2
90	67	1
90	120	2
91	18	1
91	30	1
91	47	1
91	112	1
92	5	2
92	24	2
92	33	2
92	61	1
92	91	1
92	97	1
93	49	1
93	67	1
93	76	2
93	84	1
93	94	1
94	5	2
94	69	2
95	47	2
95	72	1
95	99	2
95	110	2
95	111	1
95	124	2
96	10	1
96	35	1
96	66	1
96	68	1
96	92	2
96	104	1
96	127	1
97	19	2
97	105	2
98	8	1
98	21	2
98	40	2
98	55	1
98	56	2
98	64	2
98	87	1
98	99	1
98	109	1
98	124	2
99	2	2
99	22	2
99	29	1
99	39	2
99	59	1
99	72	1
99	87	1
99	120	2
100	6	2
100	13	1
100	21	1
100	43	1
100	66	1
100	72	2
100	84	2
101	5	2
101	25	1
101	35	1
101	42	1
101	66	2
101	76	1
101	82	1
101	87	2
101	89	2
101	98	1
101	117	1
102	1	1
102	3	1
102	6	2
102	29	1
102	34	1
102	51	1
102	66	1
102	91	1
102	120	2
102	124	1
102	126	2
103	18	1
103	22	1
103	74	1
103	76	2
103	83	2
103	94	1
103	96	1
103	103	1
103	123	1
104	14	1
104	19	2
104	30	1
104	35	1
104	84	2
104	85	2
104	93	2
104	126	1
104	127	1
105	45	1
105	96	1
105	105	2
106	18	1
106	20	2
106	53	2
106	62	2
106	78	2
106	106	1
106	108	2
106	119	1
107	6	2
107	20	2
107	43	1
107	63	2
107	64	1
107	65	2
107	66	2
107	102	2
107	113	1
108	21	1
108	42	1
108	73	1
108	94	2
108	113	1
108	119	2
109	0	1
109	8	1
109	27	1
109	54	2
109	58	2
109	82	2
109	106	1
109	116	2
109	121	1
110	37	2
110	76	2
111	7	1
111	31	1
111	33	1
111	59	1
111	66	1
112	3	2
112	14	2
112	26	2
112	72	2
112	80	2
112	92	1
112	106	1
112	114	2
112	122	2
112	127	1
113	20	2
113	28	2
113	43	1
113	56	1
113	83	2
113	105	2
113	113	1
113	126	1
114	20	1
114	29	1
114	31	2
114	127	2
115	10	1
115	39	1
115	47	1
115	106	2
116	93	2
116	118	1
116	121	2
116	123	1
117	6	1
117	16	1
117	20	2
117	62	1
117	66	2
117	75	1
117	86	1
117	110	1
118	18	1
118	22	2
118	26	1
118	64	2
118	70	1
118	76	1
119	44	1
119	111	2
120	15	2
120	77	1
120	91	2
120	98	2
120	117	1
121	31	1
121	54	2
121	57	1
121	58	1
121	71	1
121	80	2
121	105	1
121	123	2
121	127	1
122	41	1
122	63	1
122	78	1
122	80	1
122	115	1
123	72	2
123	75	1
123	99	2
123	120	2
124	33	1
124	63	2
124	77	1
124	101	1
124	105	2
124	115	1
124	118	2
124	120	1
125	5	2
125	11	2
125	17	1
125	38	2
125	41	2
126	12	1
126	16	2
126	22	1
126	37	1
126	38	1
126	43	1
126	110	1
126	118	2
126	122	2
127	0	1
127	13	1
127	51	2
127	78	2
