0	14	1
0	22	2
0	35	2
0	38	2
0	76	1
0	79	2
0	84	2
0	93	2
0	122	2
1	11	2
1	19	2
1	52	2
1	59	2
1	88	2
1	103	2
1	124	2
2	18	2
2	65	2
2	70	1
2	72	1
2	106	1
3	1	2
3	97	2
4	39	1
4	43	2
4	59	1
4	63	1
4	104	1
4	116	1
4	118	1
4	126	2
5	3	1
5	11	1
5	23	2
5	73	2
5	75	1
5	93	2
5	102	2
5	105	2
6	26	2
6	65	1
6	87	1
6	91	1
6	106	2
6	118	1
7	31	1
7	48	2
7	60	2
7	96	1
7	113	1
7	124	2
8	20	1
8	35	1
8	40	2
8	41	1
8	105	1
9	29	1
9	43	2
10	0	2
10	20	1
10	53	1
10	58	2
10	76	2
10	77	2
10	106	2
11	12	1
11	45	2
11	80	2
11	84	1
11	94	2
11	98	1
11	100	1
11	112	1
12	17	1
12	87	2
12	110	1
12	112	1
12	127	1
13	8	1
13	67	1
13	86	1
13	87	1
13	96	2
14	21	2
14	63	2
14	94	2
14	105	1
15	19	1
15	53	2
15	73	1
15	96	2
15	111	2
15	112	2
16	63	2
16	65	2
16	75	2
16	106	2
16	110	1
17	20	2
17	102	1
17	120	2
17	123	2
18	1	1
18	22	1
18	64	2
18	66	2
18	67	1
19	12	2
19	54	2
19	55	2
19	66	2
19	70	2
19	90	2
19	103	1
20	35	2
20	73	1
20	119	2
21	7	2
21	11	1
21	27	1
21	39	1
21	45	2
22	19	1
22	60	1
22	127	2
23	30	1
23	31	2
23	44	2
23	51	2
23	77	1
23	96	2
23	97	2
23	126	2
24	5	2
24	8	2
24	13	1
24	24	1
24	37	1
24	56	1
24	58	2
24	69	1
24	96	1
25	28	2
25	33	1
25	37	1
25	38	1
25	42	1
25	106	2
25	109	1
26	49	1
26	79	1
26	106	1
26	114	1
26	118	2
27	6	1
27	9	1
27	11	2
27	28	1
27	73	1
27	81	2
27	117	2
28	23	2
28	31	2
28	38	1
28	50	1
28	52	1
28	69	2
28	74	2
28	91	2
28	127	2
29	5	2
29	15	2
29	18	2
29	26	2
29	39	2
29	43	2
29	72	1
29	78	1
29	98	1
29	101	2
29	114	2
30	23	1
30	51	2
30	62	1
30	64	2
30	69	2
31	0	1
31	9	1
31	56	1
31	73	2
31	96	1
31	125	1
32	25	1
32	39	2
32	46	2
32	47	1
32	66	2
32	73	1
32	75	2
32	97	1
33	4	1
33	39	1
33	76	1
33	78	1
33	82	1
33	121	2
33	123	1
34	7	1
34	8	2
34	18	1
34	19	1
34	28	2
34	49	1
34	80	2
34	113	1
35	25	2
35	74	2
35	78	1
35	106	1
35	121	1
36	1	1
36	22	1
36	52	2
36	71	1
36	85	2
36	115	2
37	21	1
37	102	1
37	114	2
37	123	2
38	30	1
38	49	1
38	84	2
39	9	2
39	51	1
39	62	2
39	64	2
39	65	1
39	76	1
39	84	1
39	93	2
40	10	2
40	17	1
40	31	1
40	86	1
40	89	1
40	110	2
41	66	1
41	70	2
41	84	1
41	105	1
41	120	2
42	20	1
43	4	2
43	6	2
43	15	2
43	19	2
43	34	2
43	42	1
43	46	2
43	54	1
43	63	2
43	75	1
43	110	1
43	119	2
44	6	2
44	17	1
44	22	2
44	27	2
44	31	1
44	34	2
44	64	2
44	66	1
44	73	1
45	15	2
45	61	2
45	63	1
45	65	1
45	107	2
46	12	2
46	58	1
46	99	2
47	40	1
47	62	1
47	82	1
47	86	2
47	99	2
48	5	2
48	65	2
48	78	2
48	107	1
48	125	2
49	12	1
49	38	2
49	43	1
49	45	2
49	60	2
49	72	1
49	84	1
50	15	2
50	33	2
50	45	1
50	53	1
50	74	2
50	89	1
50	95	2
50	127	2
51	54	1
51	61	2
51	68	1
51	69	1
51	72	2
52	9	2
52	25	1
52	30	2
52	32	1
52	69	2
52	85	2
52	89	1
52	92	1
52	111	1
52	112	1
52	117	2
52	119	1
53	21	1
53	39	1
53	59	1
53	92	1
53	109	1
54	0	2
54	12	1
54	17	1
54	39	1
54	41	2
54	56	1
54	62	2
54	97	1
55	9	2
55	33	2
55	36	2
55	66	1
55	77	1
55	123	2
56	40	2
56	45	1
56	75	1
56	118	1
56	122	1
56	123	2
57	2	1
57	4	1
57	6	2
57	31	2
57	34	2
57	53	2
57	63	2
58	24	1
58	33	2
58	51	1
58	53	2
58	91	2
59	5	1
59	7	2
59	16	2
59	39	1
59	73	2
59	95	1
60	25	2
60	101	1
60	116	2
60	123	2
61	54	2
61	68	1
61	73	1
61	78	2
61	90	1
61	114	2
62	10	2
62	16	1
62	49	1
62	58	1
62	71	1
62	109	1
62	111	2
62	114	2
62	117	2
63	5	1
63	12	1
63	23	2
63	35	2
63	44	1
63	46	1
63	47	1
63	55	1
63	56	1
64	66	1
64	113	1
65	63	1
65	68	1
65	114	1
66	35	1
66	55	1
66	72	2
66	115	1
66	116	2
67	29	1
67	33	1
67	46	2
67	58	2
67	74	2
67	82	1
67	119	1
68	41	1
68	60	1
68	106	2
68	116	2
69	44	2
69	58	1
69	61	2
69	94	1
70	8	2
70	14	1
70	21	1
70	99	2
70	120	1
70	124	1
71	16	1
71	50	1
71	61	2
71	62	1
71	64	1
71	73	1
71	95	2
72	3	1
72	11	1
72	34	2
72	44	2
72	83	1
72	120	2
73	18	1
73	19	1
73	28	2
73	29	2
73	50	2
73	79	2
73	96	2
73	111	2
73	121	2
74	2	1
74	10	2
74	21	2
74	34	2
74	91	2
74	100	2
74	101	1
74	106	1
75	4	2
75	5	2
75	6	2
75	59	2
75	67	1
76	1	1
76	18	1
76	25	2
76	47	1
76	62	1
76	63	1
76	64	2
76	66	2
76	113	2
76	116	2
76	121	2
77	18	2
77	51	1
77	73	2
77	105	1
77	114	2
77	126	2
78	12	1
78	28	1
78	32	1
78	53	1
78	61	2
78	64	2
78	93	2
78	98	1
78	113	2
78	120	1
79	1	2
79	8	1
79	23	2
79	30	2
79	36	2
79	41	1
79	71	2
79	85	1
79	96	1
79	118	2
80	24	2
80	73	1
80	74	2
80	117	2
80	123	2
81	1	2
81	7	2
81	14	2
81	28	2
81	31	2
81	36	1
81	58	2
81	77	2
81	91	1
81	99	1
81	105	2
82	30	2
82	60	1
82	66	1
82	88	2
82	122	1
82	127	2
83	18	1
83	62	1
83	96	1
84	5	2
84	7	1
84	37	1
84	41	2
84	44	1
84	60	2
84	65	1
84	76	1
84	109	1
84	126	2
85	19	2
85	57	1
85	66	2
85	94	2
85	103	1
85	108	2
85	111	2
86	5	1
86	14	2
86	27	2
86	29	2
86	42	2
86	53	1
86	77	1
86	99	2
86	117	1
86	120	2
87	25	1
87	31	1
87	39	1
87	51	2
87	104	2
88	9	2
88	13	2
88	39	1
88	46	1
88	56	1
88	58	2
88	60	2
89	2	1
89	57	1
89	71	2
89	118	1
90	24	1
90	42	2
90	54	2
90	62	1
90	67	2
90	72	2
90	82	2
90	115	1
91	27	1
91	33	1
91	65	1
91	67	1
92	3	1
92	23	1
92	46	2
92	83	2
92	98	2
92	111	1
93	21	2
93	34	1
93	78	1
93	91	1
93	104	1
94	93	2
94	115	2
95	8	2
95	31	1
95	32	1
95	48	2
95	57	2
95	115	2
96	14	2
96	22	1
96	29	1
96	51	1
96	79	1
96	116	1
96	117	1
97	17	2
97	59	2
98	1	1
98	7	1
98	20	1
98	31	1
98	39	2
98	52	2
98	65	2
98	111	2
98	122	1
98	125	2
99	3	2
99	13	1
99	26	2
99	34	1
99	72	2
99	74	2
99	90	1
99	102	1
100	4	2
100	17	2
100	40	1
100	102	1
100	123	2
100	124	1
100	127	1
101	13	2
101	20	2
101	21	1
101	22	2
101	33	1
101	39	1
101	51	1
101	70	1
101	77	1
101	78	2
101	88	1
102	27	2
102	46	1
102	59	1
102	80	1
102	90	1
102	93	1
102	105	1
102	109	2
102	112	2
102	114	1
102	122	1
103	0	1
103	26	1
103	29	2
103	67	1
103	76	1
103	90	2
103	95	1
103	114	1
103	119	1
104	18	1
104	20	2
104	25	2
104	27	2
104	70	1
104	72	2
104	118	1
104	120	1
104	124	1
105	16	1
105	27	2
105	62	1
106	0	1
106	9	1
106	13	2
106	72	1
106	85	2
106	88	2
106	92	2
106	98	2
107	8	1
107	13	2
107	46	1
107	58	2
107	65	2
107	72	1
107	97	2
107	102	2
107	104	2
108	42	1
108	43	1
108	51	1
108	53	2
108	57	2
108	87	1
109	2	2
109	19	1
109	30	1
109	95	2
109	102	1
109	105	1
109	113	1
109	115	2
109	117	2
110	94	2
110	103	2
111	14	1
111	47	1
111	89	1
111	112	1
111	114	1
112	30	2
112	33	1
112	56	2
112	66	1
112	70	2
112	73	1
112	80	2
112	108	2
112	122	2
112	126	2
113	26	2
113	35	2
113	43	2
113	55	1
113	56	1
113	93	2
113	119	1
113	126	1
114	26	1
114	43	2
114	59	1
114	107	2
115	81	2
115	103	1
115	119	1
115	126	1
116	24	1
116	57	2
116	110	1
116	126	2
117	10	1
117	19	2
117	34	2
117	43	1
117	76	1
117	78	1
117	80	1
117	84	1
118	20	1
118	61	1
118	72	1
118	78	2
118	81	2
118	84	1
119	37	2
119	114	1
120	63	1
120	66	2
120	78	2
120	103	2
120	116	1
121	19	2
121	26	1
121	44	2
121	61	1
121	83	1
121	87	2
121	96	1
121	119	1
121	126	1
122	1	1
122	68	1
122	75	1
122	95	1
122	126	1
123	27	2
123	41	2
123	86	1
123	102	2
124	1	2
124	12	1
124	58	1
124	88	1
124	93	2
124	94	1
124	96	2
124	127	1
125	5	2
125	24	2
125	39	1
125	58	2
125	67	2
126	1	1
126	37	2
126	68	1
126	87	1
126	88	2
126	97	1
126	108	1
126	122	1
126	124	2
127	4	2
127	67	2
127	80	1
127	82	1
