0	28	2
0	50	2
0	65	2
0	70	2
0	72	1
0	113	2
0	114	2
0	117	1
0	120	2
1	6	2
1	22	2
1	33	2
1	41	2
1	44	2
1	54	2
1	93	2
2	11	1
2	21	2
2	67	1
2	116	1
2	127	2
3	33	2
3	69	2
4	23	1
4	37	2
4	57	2
4	66	1
4	78	1
4	87	1
4	104	1
4	125	1
5	23	1
5	27	1
5	45	2
5	61	2
5	75	1
5	81	2
5	106	2
5	120	2
6	21	1
6	34	1
6	49	2
6	62	1
6	98	1
6	113	2
7	0	1
7	4	2
7	31	2
7	66	1
7	113	2
7	115	1
8	1	2
8	11	1
8	18	1
8	23	1
8	49	1
9	4	1
9	45	2
10	59	1
10	62	1
10	66	2
10	78	2
10	92	2
10	110	2
10	127	2
11	9	1
11	17	1
11	68	1
11	76	2
11	81	1
11	90	1
11	102	2
11	110	2
12	7	1
12	20	1
12	66	1
12	72	2
12	98	1
13	34	1
13	52	2
13	68	1
13	72	1
13	101	1
14	28	2
14	63	2
14	64	1
14	85	2
15	3	1
15	26	2
15	51	1
15	58	2
15	65	2
15	102	2
16	22	1
16	25	2
16	73	2
16	94	2
16	119	2
17	14	2
17	76	1
17	84	2
17	115	2
18	12	2
18	61	1
18	66	1
18	71	1
18	99	2
19	29	2
19	56	1
19	73	2
19	103	2
19	105	2
19	121	2
19	124	2
20	31	2
20	123	1
20	124	2
21	3	1
21	46	2
21	70	1
21	72	1
21	82	2
22	30	2
22	35	1
22	96	1
23	21	2
23	28	2
23	46	2
23	52	1
23	72	2
23	78	1
23	85	2
23	112	2
24	10	2
24	19	1
24	32	1
24	60	1
24	62	2
24	66	1
24	77	2
24	87	1
24	119	1
25	3	1
25	5	1
25	16	2
25	45	2
25	53	1
25	64	1
25	97	1
26	10	2
26	17	1
26	21	1
26	60	1
26	96	1
27	9	1
27	10	1
27	19	1
27	59	1
27	93	2
27	104	2
27	120	2
28	34	1
28	40	1
28	56	2
28	74	2
28	85	2
28	94	2
28	102	1
28	110	2
28	112	2
29	8	1
29	20	2
29	28	2
29	40	2
29	53	2
29	70	2
29	76	2
29	96	1
29	103	1
29	114	2
29	127	2
30	46	1
30	61	2
30	72	1
30	73	2
30	112	2
31	4	1
31	22	1
31	65	2
31	105	1
31	107	1
31	115	1
32	0	2
32	24	1
32	80	2
32	87	1
32	93	2
32	96	1
32	110	2
32	114	1
33	26	1
33	35	1
33	53	1
33	63	1
33	97	2
33	117	1
33	118	1
34	4	2
34	6	1
34	42	1
34	62	1
34	73	2
34	81	1
34	111	1
34	125	2
35	39	2
35	45	1
35	87	1
35	94	2
35	117	1
36	43	2
36	44	2
36	60	1
36	80	2
36	94	1
36	99	1
37	51	2
37	54	1
37	91	1
37	103	2
38	29	1
38	77	1
38	89	2
39	43	1
39	57	1
39	62	2
39	78	1
39	82	1
39	116	2
39	118	2
39	122	2
40	2	1
40	31	1
40	46	1
40	65	2
40	102	1
40	121	2
41	5	2
41	19	2
41	82	1
41	98	1
41	114	1
42	44	1
43	9	2
43	13	2
43	42	2
43	51	1
43	58	2
43	63	2
43	66	1
43	67	2
43	75	1
43	86	2
43	120	1
43	124	2
44	4	1
44	5	2
44	39	2
44	40	1
44	61	1
44	75	2
44	78	2
44	86	1
44	90	2
45	31	1
45	65	2
45	88	2
45	91	2
45	119	1
46	5	2
46	14	2
46	100	1
47	7	2
47	19	1
47	50	1
47	58	2
47	64	1
48	38	2
48	63	2
48	74	2
48	89	2
48	105	1
49	43	2
49	65	1
49	68	1
49	78	2
49	84	2
49	87	1
49	112	1
50	1	1
50	24	2
50	37	2
50	61	2
50	73	2
50	105	1
50	113	1
50	116	2
51	1	1
51	20	2
51	26	2
51	48	1
51	79	1
52	8	2
52	24	1
52	27	1
52	34	1
52	39	1
52	42	1
52	44	2
52	56	2
52	78	1
52	106	2
52	107	1
52	109	2
53	16	1
53	18	1
53	51	1
53	106	1
53	115	1
54	4	1
54	56	1
54	65	1
54	73	2
54	77	2
54	91	1
54	96	2
54	122	1
55	8	1
55	12	2
55	80	2
55	88	2
55	93	2
55	116	1
56	1	2
56	25	1
56	39	1
56	47	1
56	114	1
56	122	2
57	3	2
57	23	2
57	25	2
57	36	2
57	40	2
57	79	1
57	118	1
58	27	2
58	57	1
58	59	2
58	73	1
58	123	2
59	21	2
59	34	2
59	35	1
59	51	1
59	60	2
59	126	1
60	12	2
60	26	2
60	53	2
60	55	1
61	12	1
61	60	2
61	63	2
61	65	2
61	80	1
61	121	1
62	13	1
62	16	2
62	18	2
62	43	2
62	49	1
62	63	1
62	95	2
62	99	1
62	106	1
63	14	1
63	20	2
63	33	1
63	70	2
63	76	1
63	99	1
63	103	1
63	106	1
63	118	1
64	0	1
64	22	1
65	25	1
65	82	1
65	122	1
66	30	1
66	35	1
66	42	2
66	95	2
66	115	1
67	13	1
67	15	1
67	29	1
67	58	2
67	71	2
67	72	1
67	117	2
68	6	2
68	25	1
68	67	2
68	74	1
69	30	1
69	56	1
69	72	2
69	78	2
70	17	1
70	71	1
70	84	2
70	88	2
70	95	1
70	102	1
71	32	2
71	39	1
71	52	1
71	53	1
71	70	1
71	109	2
71	127	1
72	38	1
72	41	1
72	54	2
72	55	1
72	90	2
72	96	2
73	9	2
73	14	2
73	18	2
73	21	1
73	31	2
73	44	2
73	46	2
73	89	1
73	126	2
74	2	2
74	5	2
74	6	2
74	24	2
74	57	1
74	67	1
74	88	2
74	96	1
75	5	1
75	10	2
75	26	2
75	58	2
75	97	2
76	29	1
76	34	2
76	39	1
76	73	1
76	75	2
76	77	1
76	96	2
76	97	2
76	106	1
76	122	2
76	123	2
77	19	2
77	37	2
77	45	2
77	58	1
77	80	1
77	123	2
78	5	1
78	58	1
78	73	1
78	83	1
78	84	2
78	91	2
78	99	1
78	106	2
78	114	1
78	126	2
79	19	2
79	26	2
79	39	1
79	51	1
79	68	2
79	83	2
79	95	2
79	107	1
79	110	1
79	126	2
80	27	2
80	60	2
80	93	2
80	116	2
80	127	1
81	8	1
81	13	2
81	15	2
81	49	1
81	67	2
81	102	2
81	109	2
81	111	2
81	117	1
81	118	2
81	123	2
82	18	2
82	39	2
82	46	1
82	114	2
82	119	1
82	126	1
83	38	1
83	71	1
83	114	1
84	13	2
84	39	1
84	59	1
84	73	1
84	76	2
84	84	2
84	98	1
84	101	1
84	108	1
84	119	2
85	5	2
85	19	2
85	31	2
85	33	1
85	43	2
85	66	2
85	106	1
86	24	2
86	43	2
86	56	1
86	60	2
86	64	2
86	65	2
86	82	2
86	89	1
86	105	1
86	123	1
87	8	1
87	22	1
87	46	2
87	76	2
87	104	1
88	2	1
88	33	2
88	51	2
88	64	1
88	102	2
88	111	1
88	119	2
89	18	2
89	59	1
89	63	1
89	121	1
90	16	2
90	19	2
90	55	2
90	61	2
90	66	1
90	72	2
90	73	1
90	120	1
91	31	1
91	66	1
91	94	1
91	106	1
92	1	2
92	14	1
92	17	2
92	41	1
92	66	1
92	78	2
93	35	1
93	54	1
93	74	2
93	101	1
93	102	1
94	7	2
94	68	2
95	13	2
95	37	1
95	39	2
95	83	1
95	91	2
95	103	2
96	26	1
96	30	2
96	51	1
96	52	1
96	63	1
96	96	1
96	117	1
97	93	2
97	117	2
98	0	2
98	9	2
98	41	2
98	54	1
98	58	1
98	63	2
98	65	1
98	73	1
98	74	2
98	90	1
99	12	1
99	29	2
99	44	2
99	58	2
99	64	1
99	69	1
99	79	1
99	105	2
100	24	2
100	27	2
100	56	1
100	69	1
100	77	1
100	111	1
100	116	2
101	1	1
101	7	1
101	12	1
101	23	2
101	31	2
101	33	2
101	50	1
101	67	1
101	79	1
101	108	2
101	109	1
102	6	2
102	19	1
102	31	1
102	53	1
102	55	2
102	67	1
102	84	2
102	92	1
102	95	1
102	115	1
102	124	1
103	1	1
103	8	1
103	17	1
103	20	2
103	43	1
103	92	2
103	112	1
103	114	1
103	118	1
104	1	1
104	7	1
104	8	1
104	11	1
104	31	2
104	33	2
104	114	1
104	122	2
104	126	2
105	18	1
105	47	2
105	113	1
106	19	1
106	29	2
106	32	2
106	53	2
106	90	2
106	93	1
106	123	2
106	127	1
107	0	2
107	2	2
107	11	1
107	43	2
107	64	2
107	95	1
107	96	1
107	103	2
107	108	2
108	28	1
108	59	1
108	78	1
108	97	2
108	113	2
108	120	1
109	33	2
109	38	2
109	47	2
109	69	1
109	88	2
109	94	1
109	105	1
109	118	1
109	120	1
110	36	2
110	42	2
111	17	1
111	21	1
111	34	1
111	39	1
111	84	1
112	5	2
112	12	2
112	20	2
112	48	1
112	75	2
112	85	2
112	97	1
112	98	2
112	123	2
112	125	1
113	1	1
113	35	1
113	62	2
113	72	2
113	75	2
113	87	1
113	111	1
113	126	2
114	14	2
114	25	1
114	96	1
114	122	2
115	57	1
115	70	2
115	77	1
115	116	1
116	46	1
116	86	1
116	124	2
116	127	2
117	9	1
117	15	2
117	20	1
117	27	1
117	53	1
117	58	1
117	73	1
117	84	2
118	1	1
118	7	2
118	12	1
118	74	1
118	100	1
118	105	2
119	114	2
119	119	1
120	27	2
120	30	2
120	37	1
120	39	1
120	80	2
121	23	1
121	47	2
121	62	1
121	69	1
121	72	2
121	93	2
121	109	1
121	111	1
121	124	1
122	18	1
122	22	1
122	41	1
122	66	1
122	126	1
123	25	2
123	86	1
123	88	2
123	111	2
124	20	2
124	28	1
124	30	2
124	34	1
124	61	2
124	62	1
124	112	1
124	126	1
125	39	2
125	59	2
125	91	2
125	104	1
125	126	2
126	9	1
126	11	1
126	27	1
126	30	2
126	36	1
126	51	2
126	58	2
126	62	1
126	119	1
127	15	2
127	41	1
127	67	2
127	76	1
