0	6	2
0	19	2
0	57	1
0	58	1
0	62	2
0	78	2
0	84	2
0	91	1
0	107	2
0	110	2
0	112	1
0	122	1
0	133	1
0	142	1
1	5	1
1	14	1
1	44	1
1	51	2
1	52	2
1	65	1
1	116	2
1	121	1
1	146	2
1	148	2
2	15	2
2	50	2
2	57	2
2	90	2
2	102	1
2	140	1
3	7	2
3	18	1
3	42	1
3	45	1
3	57	2
3	122	1
3	147	1
4	11	2
4	29	1
4	46	2
4	61	1
4	86	2
4	110	1
4	113	2
4	114	1
4	125	1
4	136	2
5	13	2
5	33	1
5	58	2
5	103	2
6	57	2
6	71	1
6	110	1
7	12	2
7	39	1
7	54	2
7	66	2
7	84	1
7	102	1
7	116	2
7	123	1
7	129	2
7	138	2
7	148	1
8	10	1
8	60	2
8	83	2
8	86	2
8	136	1
9	2	2
9	33	2
9	45	1
9	49	2
9	72	2
9	138	2
9	145	2
10	3	1
10	7	2
10	8	2
10	18	2
10	86	1
10	106	2
10	110	1
10	122	2
10	124	1
10	147	1
10	149	1
11	16	1
11	21	1
11	32	1
11	45	1
11	58	1
11	94	1
11	95	1
11	114	1
11	123	1
11	142	1
11	147	2
12	14	2
12	31	1
12	36	2
12	41	1
12	76	2
12	85	2
12	103	2
12	106	1
12	108	2
12	135	1
13	3	1
13	79	1
13	87	2
13	110	1
14	0	1
14	27	1
14	35	1
14	71	1
14	87	2
14	117	1
14	136	2
15	9	2
15	31	2
15	36	1
15	84	1
15	92	1
15	109	2
15	119	2
16	3	2
16	25	1
16	28	1
16	40	2
16	45	2
16	57	1
16	87	1
16	99	2
16	101	1
16	138	1
16	144	1
17	6	2
17	16	2
17	18	2
17	19	1
17	26	1
17	28	2
17	50	2
17	55	2
17	57	2
17	69	2
17	85	1
17	92	1
17	102	2
17	139	2
17	141	1
18	29	2
18	38	2
18	53	1
18	72	2
18	112	2
18	123	1
18	138	1
19	32	2
19	46	2
19	47	2
19	50	1
19	52	2
19	65	2
19	85	1
19	105	1
19	125	2
19	134	1
20	2	1
20	14	2
20	59	1
20	70	2
20	93	1
20	107	1
20	115	2
20	129	1
20	133	1
21	7	1
21	34	2
21	36	2
21	43	1
21	75	2
21	83	2
21	85	2
21	106	2
22	9	2
22	28	2
22	63	2
22	66	1
22	108	2
22	129	2
23	2	2
23	4	2
23	34	2
23	75	2
23	79	1
23	91	1
23	97	2
23	105	2
23	125	2
24	2	1
24	42	2
24	81	1
24	87	2
24	119	2
25	38	1
25	56	1
25	57	1
25	58	1
25	93	1
25	126	1
25	136	1
25	139	1
26	32	1
26	49	2
26	77	2
26	92	1
26	103	1
26	107	1
26	109	2
26	133	1
27	23	2
27	42	1
27	66	2
27	88	1
27	106	1
28	71	2
28	88	1
28	120	1
28	137	2
28	142	1
29	1	1
29	14	2
29	22	1
29	29	1
29	55	2
29	57	2
29	101	1
29	106	2
29	113	2
29	115	2
29	116	1
29	127	1
29	134	1
30	21	1
30	41	2
30	42	1
30	56	1
30	85	2
30	89	1
30	98	2
30	111	1
31	0	1
31	9	1
31	72	2
31	100	2
31	109	1
31	121	1
31	131	1
32	6	2
32	50	2
32	117	1
32	122	1
32	147	2
33	5	1
33	9	2
33	58	2
33	64	2
33	143	1
34	16	2
34	41	1
34	47	1
34	48	1
34	79	2
34	85	2
34	86	2
34	133	1
35	90	2
35	97	1
35	110	1
35	112	2
35	121	1
35	148	2
36	30	1
36	52	2
36	64	1
36	71	1
36	127	1
37	2	2
37	34	1
37	70	1
37	81	1
37	111	1
37	112	2
37	115	2
37	122	1
37	123	1
38	18	1
38	44	2
38	46	1
38	56	1
38	78	1
39	9	1
39	20	1
39	50	2
39	70	2
39	103	1
39	128	1
40	18	2
40	55	1
40	73	1
40	96	2
40	117	2
41	69	2
41	81	2
41	83	2
41	105	2
41	130	1
42	33	1
42	36	1
42	37	2
42	53	2
42	121	1
42	134	1
42	141	1
43	2	2
43	49	2
43	50	2
43	54	2
43	66	1
43	107	1
43	118	1
43	121	1
44	9	1
44	12	2
44	49	2
44	52	2
44	62	2
44	81	2
44	98	1
45	1	1
45	15	2
45	21	2
45	30	2
45	33	2
45	68	1
45	83	1
45	89	2
45	104	1
45	112	1
45	114	2
45	131	1
45	139	1
45	149	2
46	7	1
46	32	1
46	37	1
46	42	2
46	80	1
46	122	1
47	37	1
47	55	2
47	60	2
47	70	1
47	78	1
47	112	1
47	134	1
47	148	2
48	47	1
48	55	2
48	70	1
48	72	2
48	74	1
48	85	2
48	119	1
48	132	1
48	139	1
49	23	2
49	29	1
49	32	2
49	65	2
49	70	2
49	86	2
49	135	1
49	148	1
50	5	2
50	80	2
50	88	2
50	111	2
50	123	1
51	29	1
51	61	2
51	63	2
51	87	2
51	104	2
51	105	2
51	117	1
51	123	1
51	130	1
52	44	1
52	46	2
52	52	1
52	70	1
52	76	2
52	86	2
52	100	2
52	112	1
52	118	2
52	136	1
53	0	1
53	21	2
53	29	1
53	62	2
53	101	1
53	124	2
53	134	1
54	9	2
54	13	2
54	20	2
54	26	2
54	46	2
54	80	2
54	85	2
54	86	1
54	95	1
54	114	2
54	139	1
55	31	1
55	46	2
55	52	1
55	53	1
55	66	2
55	70	2
55	71	2
55	82	2
55	98	1
55	105	2
55	118	2
55	138	1
56	6	2
56	10	2
56	13	1
56	51	2
56	79	1
56	83	1
56	88	1
56	90	2
56	95	1
56	118	2
56	121	2
56	130	2
57	0	2
57	2	1
57	11	1
57	21	2
57	44	2
57	65	2
57	96	1
57	110	2
57	138	2
58	16	2
58	92	2
58	126	1
59	42	2
59	68	1
59	117	2
59	121	1
59	144	2
60	16	1
60	41	1
60	56	2
60	84	1
60	109	2
60	125	2
61	25	2
61	37	2
61	42	1
61	53	2
61	56	1
61	61	2
61	63	2
61	73	1
61	75	1
61	98	2
61	103	2
61	137	2
61	144	1
61	147	1
62	11	2
62	18	2
62	57	2
62	93	1
62	95	2
62	116	1
63	13	1
63	26	2
63	45	1
63	65	1
63	72	2
63	79	1
63	81	2
63	92	2
63	103	2
63	123	2
63	130	1
64	18	1
64	19	1
64	21	2
64	25	1
64	37	2
64	40	2
64	65	2
64	67	1
64	83	1
65	5	1
65	45	1
65	47	1
65	63	1
65	70	2
65	82	1
65	84	1
65	118	2
65	124	1
66	17	1
66	23	1
66	33	1
66	58	2
66	59	1
66	60	2
66	67	1
66	115	1
66	136	1
67	7	1
67	37	1
67	67	2
67	68	1
67	70	2
67	77	2
67	90	1
67	106	2
67	109	2
67	127	1
67	137	1
67	147	1
68	0	2
68	31	2
68	63	2
68	66	2
68	67	2
68	82	1
68	86	1
68	89	1
68	91	2
68	93	1
68	97	2
68	138	1
69	31	1
69	35	2
69	54	2
69	74	2
69	88	2
69	123	1
69	139	2
69	147	2
69	148	1
70	28	2
70	75	2
70	76	2
70	83	1
70	96	2
70	101	2
70	107	2
70	116	1
71	12	2
71	14	1
71	17	1
71	29	1
71	65	1
71	113	1
71	118	2
71	124	2
71	135	2
72	24	1
72	43	1
72	44	1
72	83	2
72	106	1
72	109	2
72	122	2
72	141	1
73	74	2
73	86	1
73	91	2
73	111	2
73	112	2
74	0	1
74	5	1
74	7	2
74	8	2
74	21	2
74	23	2
74	123	2
75	11	1
75	34	1
75	35	2
75	107	2
75	108	2
76	59	2
76	66	2
76	70	2
76	108	2
76	119	2
77	43	2
77	50	1
77	51	2
77	116	2
78	16	1
78	62	1
78	86	1
78	130	2
79	8	1
79	10	2
79	39	1
79	93	2
79	108	1
79	140	1
80	3	1
80	17	1
80	33	2
80	38	1
80	44	2
80	50	2
80	58	1
80	107	1
80	141	1
80	145	2
81	4	2
81	7	1
81	18	1
81	25	1
81	27	1
81	50	1
81	66	2
81	95	1
81	125	2
81	134	1
82	25	1
82	27	2
82	47	1
82	67	1
82	78	1
82	103	2
82	112	1
82	117	2
82	131	2
82	143	2
82	147	1
83	2	1
83	28	2
83	29	2
83	35	2
83	141	1
84	40	2
84	68	2
84	69	1
84	98	1
84	99	2
84	148	1
85	2	1
85	14	1
85	18	1
85	25	2
85	68	1
85	70	1
85	103	2
85	106	2
85	139	1
85	147	2
86	33	2
86	68	1
86	100	2
86	101	2
86	106	2
86	114	2
86	146	2
87	4	1
87	30	1
87	53	2
87	70	2
87	81	1
87	87	1
87	96	1
87	112	1
87	134	1
87	135	1
87	136	2
88	8	2
88	14	1
88	26	1
88	83	1
88	104	2
88	118	2
88	121	2
88	136	2
88	139	1
88	142	1
89	1	1
89	10	2
89	34	1
89	43	2
89	50	1
89	76	2
89	95	2
90	30	2
90	54	2
90	73	1
90	86	2
90	106	2
90	108	1
90	116	2
90	117	1
90	126	2
90	149	1
91	22	1
91	59	2
91	93	2
91	138	2
92	86	2
92	125	1
92	146	1
93	36	1
93	48	2
93	52	1
93	119	1
93	126	1
93	139	1
94	22	1
94	28	2
94	31	2
94	65	1
94	82	1
94	89	2
94	90	2
94	93	1
94	99	2
95	15	1
95	21	1
95	22	1
95	39	2
95	87	2
95	106	2
95	144	1
96	6	2
96	17	1
96	26	1
96	36	1
96	43	1
96	45	1
96	54	1
96	77	2
96	107	1
96	117	1
96	132	2
96	136	1
97	26	2
97	47	1
97	84	2
97	116	2
97	125	1
97	139	1
98	13	2
98	15	2
98	50	1
98	73	1
98	80	2
98	82	2
98	139	1
99	22	2
99	36	2
99	48	2
99	72	1
99	82	1
99	135	1
100	51	1
100	76	2
100	123	2
101	1	2
101	41	2
101	45	2
101	56	2
101	96	1
102	6	1
102	14	1
102	23	2
102	33	2
102	65	2
102	100	2
102	104	2
102	124	2
102	127	1
102	138	2
103	57	2
103	87	2
103	104	1
103	109	2
103	142	1
104	23	2
104	24	1
104	29	2
104	34	1
104	48	1
104	53	1
104	60	2
104	125	1
104	140	1
105	40	2
105	59	2
105	77	2
105	94	2
105	97	2
105	105	2
105	124	1
106	35	2
106	39	1
106	54	1
106	62	1
106	69	1
106	78	2
106	87	1
106	94	1
106	110	1
106	114	1
106	133	2
106	147	2
107	22	2
107	60	1
107	97	2
107	125	2
107	143	1
108	11	2
108	35	1
108	83	1
108	95	2
108	105	1
108	129	1
108	134	2
109	14	2
109	41	2
109	119	2
109	130	2
109	142	2
110	11	2
110	15	2
110	29	1
110	41	2
110	46	2
110	53	2
110	58	2
110	72	2
110	78	2
110	94	1
110	114	1
110	124	1
110	143	2
111	7	1
111	46	1
111	80	1
111	90	1
111	97	2
111	116	1
111	144	1
111	145	2
112	1	1
112	38	2
112	69	2
112	111	2
112	112	2
112	116	1
113	7	1
113	22	1
113	33	1
113	51	1
113	88	1
113	111	1
113	119	2
113	128	1
113	134	1
113	144	1
114	24	1
114	85	1
114	91	1
114	92	1
114	94	1
114	111	1
114	114	1
114	123	2
114	129	1
114	145	1
115	20	2
115	26	2
115	46	1
115	109	2
116	21	2
116	27	1
116	44	1
116	48	1
116	90	1
116	92	1
116	95	2
117	3	2
117	11	1
117	41	2
117	66	2
117	141	2
118	1	1
118	79	1
118	97	2
118	103	1
118	119	1
118	133	1
118	141	1
119	2	2
119	10	1
119	14	1
119	16	2
119	70	1
119	76	2
119	113	1
119	134	2
119	135	1
119	137	1
120	13	2
120	16	1
120	32	1
120	35	1
120	56	2
120	67	2
120	70	1
120	94	2
120	106	2
120	127	2
120	130	1
120	134	1
121	9	1
121	18	1
121	22	2
121	34	2
121	53	2
121	88	2
121	104	2
121	144	2
122	7	1
122	38	1
122	41	1
122	72	2
122	77	2
122	99	1
122	111	1
122	132	1
122	136	1
123	0	1
123	31	1
123	43	1
123	49	2
123	74	2
123	95	1
124	8	2
124	113	2
124	121	1
124	128	2
125	8	2
125	16	2
125	29	1
125	43	2
125	74	1
125	84	2
125	138	2
126	17	1
126	19	1
126	22	2
126	85	1
126	86	1
126	103	2
127	36	2
128	57	2
128	61	1
128	64	1
128	88	1
128	98	2
128	132	2
128	136	1
129	33	1
129	60	1
129	113	1
129	121	1
129	126	1
129	142	2
129	146	1
130	16	2
130	39	1
130	40	2
130	67	1
130	82	1
131	43	2
131	64	1
131	66	2
131	69	2
131	78	1
131	117	1
131	134	2
132	18	2
132	23	2
132	48	2
132	134	2
132	137	1
132	144	1
133	7	2
133	24	1
133	28	2
133	42	2
133	54	1
133	56	2
133	68	2
133	112	1
133	113	2
133	123	2
134	0	2
134	28	1
134	49	2
134	101	1
134	123	1
135	3	2
135	4	1
135	21	2
135	65	1
135	95	2
135	114	1
135	126	1
136	1	2
136	15	2
136	35	1
136	114	1
136	125	2
136	129	1
136	146	1
136	147	1
137	18	2
137	39	2
137	87	1
137	97	1
137	101	1
137	112	2
137	115	2
137	118	2
137	127	2
138	45	2
138	50	1
138	61	2
138	66	2
138	72	1
138	88	1
138	116	2
138	127	1
138	130	1
138	137	2
139	34	2
139	42	2
139	50	1
139	54	1
139	126	2
140	38	1
140	40	2
140	71	1
140	127	1
141	41	1
142	4	1
142	26	1
142	31	2
142	40	1
142	65	2
142	77	2
142	86	2
142	94	2
142	115	2
142	122	1
142	144	1
143	20	1
143	38	2
143	59	1
143	60	1
143	113	2
143	130	1
143	138	1
143	146	2
144	22	1
144	23	2
144	50	2
144	52	2
144	60	2
144	69	1
144	84	2
144	95	1
144	131	2
145	14	1
145	61	2
145	68	1
145	79	1
145	97	2
145	109	1
145	131	1
146	41	2
146	43	1
146	45	2
146	57	2
146	61	2
146	114	1
146	118	1
146	126	1
147	31	1
147	85	2
147	101	1
147	103	1
147	109	1
147	124	1
147	125	2
147	137	1
148	18	2
148	69	1
148	70	2
148	97	2
148	133	2
148	136	1
148	141	1
149	7	1
149	29	2
149	31	1
149	57	2
149	68	2
149	70	1
149	120	1
149	134	1
149	147	1
