0	14	2
0	21	1
0	28	1
0	29	2
0	31	1
0	52	2
0	54	1
0	59	2
0	72	2
0	79	1
0	98	2
0	111	1
0	112	2
0	113	1
1	3	2
1	9	1
1	11	2
1	16	1
1	46	1
1	53	2
1	57	2
1	66	1
1	103	1
1	138	2
2	23	1
2	28	1
2	29	2
2	85	2
2	113	2
2	132	2
3	2	1
3	14	1
3	18	1
3	38	1
3	54	2
3	107	1
3	126	2
4	7	1
4	22	2
4	66	1
4	67	2
4	74	1
4	94	2
4	101	2
4	116	1
4	124	1
4	148	2
5	56	2
5	92	2
5	129	2
5	136	1
6	41	1
6	65	1
6	116	2
7	26	1
7	35	2
7	50	2
7	51	2
7	57	1
7	60	2
7	85	1
7	90	2
7	112	2
7	134	1
7	136	1
8	13	1
8	81	1
8	92	2
8	104	2
8	116	2
9	34	1
9	60	2
9	77	2
9	117	2
9	123	2
9	138	2
9	140	2
10	25	1
10	33	1
10	50	1
10	69	2
10	71	2
10	93	2
10	106	1
10	126	1
10	127	2
10	143	1
10	144	2
11	7	1
11	14	1
11	28	1
11	52	1
11	53	1
11	69	1
11	70	1
11	78	1
11	109	1
11	121	1
11	149	2
12	15	2
12	22	1
12	50	1
12	58	2
12	61	1
12	63	2
12	74	2
12	77	1
12	129	2
12	139	2
13	18	1
13	29	1
13	84	2
13	147	1
14	3	1
14	15	2
14	43	1
14	72	1
14	99	2
14	114	1
14	129	1
15	0	2
15	6	1
15	17	1
15	46	2
15	107	1
15	110	2
15	137	2
16	13	1
16	19	1
16	23	1
16	25	1
16	40	2
16	43	1
16	45	1
16	81	2
16	87	2
16	106	1
16	141	2
17	9	1
17	38	2
17	41	2
17	44	2
17	70	2
17	86	2
17	88	2
17	95	2
17	103	2
17	106	1
17	122	1
17	134	1
17	139	2
17	141	1
17	146	2
18	3	2
18	64	2
18	71	1
18	103	1
18	106	1
18	130	2
18	134	2
19	1	1
19	14	2
19	18	1
19	32	2
19	77	1
19	83	1
19	86	2
19	128	2
19	136	2
19	139	2
20	3	1
20	27	1
20	28	2
20	45	1
20	52	1
20	65	1
20	72	2
20	83	2
20	101	1
21	17	2
21	21	2
21	57	1
21	96	2
21	97	1
21	119	2
21	121	2
21	137	2
22	16	2
22	67	2
22	86	2
22	103	2
22	104	2
22	148	1
23	18	2
23	22	1
23	34	2
23	49	2
23	83	1
23	87	2
23	95	2
23	101	2
23	112	2
24	18	2
24	82	1
24	92	2
24	110	1
24	132	2
25	13	1
25	16	1
25	29	1
25	57	1
25	69	1
25	110	1
25	138	1
25	148	1
26	3	1
26	35	2
26	45	1
26	65	2
26	82	1
26	99	1
26	108	2
26	138	1
27	22	1
27	72	2
27	91	2
27	106	1
27	109	1
28	11	2
28	44	1
28	70	2
28	82	1
28	134	1
29	6	1
29	34	2
29	38	1
29	43	1
29	45	1
29	68	2
29	81	2
29	101	1
29	121	2
29	133	2
29	136	1
29	138	1
29	144	2
30	0	1
30	39	1
30	45	1
30	50	2
30	86	2
30	114	2
30	116	1
30	120	1
31	18	1
31	86	1
31	90	2
31	99	1
31	139	1
31	144	2
31	148	1
32	7	2
32	51	1
32	78	2
32	131	1
32	136	2
33	21	2
33	37	1
33	44	1
33	88	2
33	96	2
34	1	1
34	15	1
34	22	2
34	42	1
34	88	2
34	111	2
34	123	2
34	126	1
35	23	2
35	30	2
35	31	1
35	92	2
35	114	1
35	118	1
36	14	1
36	43	1
36	56	1
36	79	1
36	141	2
37	8	2
37	31	1
37	39	1
37	40	2
37	62	2
37	72	1
37	89	1
37	117	1
37	139	1
38	6	1
38	8	1
38	22	2
38	53	1
38	143	1
39	14	1
39	16	1
39	24	2
39	83	1
39	94	1
39	105	2
40	58	2
40	87	2
40	95	1
40	103	1
40	106	2
41	2	2
41	5	1
41	85	2
41	105	2
41	111	2
42	9	1
42	14	1
42	42	1
42	61	2
42	82	1
42	86	1
42	142	2
43	0	2
43	16	1
43	18	1
43	56	1
43	87	2
43	123	2
43	130	2
43	149	1
44	30	1
44	40	2
44	48	2
44	69	2
44	70	2
44	112	1
44	116	2
45	7	1
45	14	2
45	18	1
45	36	2
45	42	1
45	48	2
45	49	2
45	53	1
45	57	1
45	60	2
45	78	1
45	107	1
45	115	2
45	135	2
46	15	1
46	29	2
46	68	1
46	112	1
46	144	1
46	148	1
47	7	2
47	9	2
47	25	1
47	45	2
47	70	1
47	86	1
47	97	1
47	140	1
48	36	1
48	40	1
48	50	2
48	51	1
48	97	2
48	98	1
48	127	2
48	138	1
48	141	1
49	54	1
49	60	2
49	95	2
49	115	2
49	124	1
49	126	2
49	134	2
49	135	1
50	57	2
50	108	2
50	109	2
50	131	1
50	147	2
51	33	1
51	47	1
51	50	2
51	59	2
51	81	2
51	92	2
51	103	1
51	111	2
51	138	1
52	44	2
52	72	2
52	89	1
52	93	2
52	95	1
52	109	2
52	121	1
52	123	1
52	125	2
52	137	1
53	15	1
53	66	1
53	80	2
53	105	2
53	130	2
53	142	1
53	148	1
54	0	2
54	7	1
54	29	1
54	34	2
54	42	1
54	55	2
54	65	2
54	117	2
54	118	2
54	130	2
54	135	2
55	2	2
55	34	2
55	36	1
55	40	2
55	57	1
55	79	2
55	80	2
55	87	1
55	96	1
55	111	2
55	112	2
55	123	1
56	7	1
56	9	1
56	21	1
56	28	2
56	43	2
56	66	1
56	79	2
56	92	1
56	96	2
56	101	2
56	128	2
56	147	2
57	61	2
57	63	2
57	68	1
57	71	2
57	85	1
57	121	2
57	122	2
57	126	2
57	141	1
58	14	1
58	47	2
58	121	2
59	18	1
59	36	2
59	43	2
59	87	2
59	115	1
60	31	2
60	49	1
60	51	1
60	107	2
60	122	2
60	136	1
61	12	1
61	17	2
61	21	2
61	29	1
61	34	1
61	36	1
61	63	2
61	66	1
61	70	2
61	93	2
61	94	2
61	95	1
61	134	2
61	147	2
62	6	2
62	70	2
62	80	2
62	117	2
62	130	1
62	146	1
63	10	1
63	22	2
63	27	2
63	48	1
63	52	1
63	65	2
63	85	2
63	108	1
63	116	2
63	125	2
63	145	1
64	26	2
64	33	2
64	59	1
64	67	1
64	88	1
64	105	1
64	109	2
64	118	1
64	142	2
65	34	1
65	35	1
65	76	2
65	93	1
65	118	1
65	124	1
65	133	2
65	134	1
65	147	1
66	2	1
66	14	1
66	23	1
66	25	1
66	40	1
66	89	2
66	97	2
66	112	1
66	137	1
67	5	2
67	9	2
67	14	1
67	21	1
67	37	1
67	56	1
67	74	2
67	80	1
67	121	1
67	130	1
67	142	2
67	144	2
68	2	1
68	10	2
68	17	2
68	50	1
68	56	2
68	97	2
68	103	1
68	106	1
68	123	2
68	133	2
68	138	2
68	147	1
69	44	2
69	82	2
69	90	2
69	98	2
69	106	1
69	123	2
69	125	2
69	134	1
69	147	1
70	6	1
70	31	2
70	57	2
70	77	2
70	79	2
70	93	1
70	134	2
70	149	2
71	16	2
71	17	2
71	46	1
71	47	2
71	94	2
71	110	1
71	118	1
71	125	1
71	129	1
72	2	1
72	15	2
72	31	2
72	41	1
72	76	1
72	83	1
72	84	1
72	101	2
73	21	1
73	73	2
73	102	2
73	105	2
73	139	2
74	7	1
74	35	2
74	54	1
74	83	2
74	95	2
74	114	2
74	123	2
75	32	2
75	42	2
75	66	1
75	111	1
75	112	2
76	20	2
76	21	2
76	41	2
76	65	2
76	106	2
77	31	1
77	33	2
77	103	2
77	118	2
78	29	1
78	54	1
78	59	2
78	70	1
79	29	1
79	32	1
79	52	1
79	72	2
79	106	2
79	147	1
80	0	2
80	2	1
80	11	1
80	65	1
80	91	1
80	97	2
80	101	2
80	109	1
80	123	2
80	147	1
81	4	1
81	5	1
81	87	1
81	91	1
81	109	1
81	112	2
81	122	2
81	126	1
81	131	2
81	134	1
82	7	2
82	19	1
82	26	2
82	33	1
82	58	2
82	65	2
82	66	1
82	121	1
82	135	1
82	136	1
82	142	2
83	47	2
83	109	1
83	116	2
83	125	1
83	139	2
84	0	1
84	16	2
84	78	1
84	114	1
84	122	2
84	127	2
85	13	2
85	41	1
85	60	1
85	64	1
85	76	2
85	82	2
85	100	1
85	119	1
85	121	2
85	125	1
86	16	2
86	20	2
86	45	2
86	74	2
86	75	2
86	107	2
86	112	1
87	10	1
87	44	1
87	46	1
87	58	1
87	80	1
87	97	1
87	115	2
87	117	1
87	118	1
87	119	2
87	126	2
88	62	2
88	66	1
88	84	2
88	89	1
88	90	1
88	93	2
88	98	1
88	117	2
88	125	2
88	137	1
89	75	1
89	83	1
89	85	2
89	88	1
89	108	2
89	114	2
89	147	2
90	7	2
90	22	1
90	43	1
90	48	2
90	58	2
90	94	2
90	112	1
90	114	2
90	126	1
90	142	2
91	55	1
91	113	2
91	128	2
91	141	2
92	36	2
92	111	1
92	113	1
93	8	1
93	58	1
93	70	1
93	94	2
93	116	1
93	125	1
94	27	1
94	44	1
94	54	2
94	64	2
94	68	2
94	70	1
94	106	2
94	116	2
94	148	1
95	77	1
95	86	2
95	90	2
95	100	2
95	104	1
95	122	1
95	123	1
96	27	1
96	35	1
96	37	1
96	55	1
96	57	1
96	70	2
96	72	1
96	86	1
96	87	2
96	121	1
96	134	1
96	135	2
97	2	2
97	10	1
97	19	2
97	50	1
97	70	1
97	83	2
98	31	1
98	36	2
98	42	2
98	51	1
98	84	2
98	85	2
98	117	1
99	50	1
99	54	1
99	59	1
99	63	2
99	109	2
99	143	2
100	26	1
100	85	2
100	104	2
101	68	2
101	76	2
101	104	2
101	120	2
101	130	1
102	4	2
102	23	2
102	24	2
102	31	1
102	66	1
102	70	2
102	87	2
102	90	1
102	98	2
102	144	2
103	28	1
103	62	2
103	82	1
103	144	2
103	147	2
104	4	1
104	25	1
104	45	1
104	57	1
104	62	1
104	68	1
104	97	2
104	101	2
104	107	2
105	18	2
105	26	2
105	47	1
105	56	2
105	103	2
105	114	2
105	124	2
106	11	1
106	33	1
106	46	2
106	60	1
106	70	1
106	87	1
106	88	2
106	100	1
106	108	2
106	110	1
106	114	2
106	140	1
107	11	2
107	29	2
107	50	2
107	127	1
107	145	1
108	24	2
108	37	2
108	66	1
108	98	1
108	102	2
108	115	1
108	139	1
109	12	2
109	59	2
109	117	2
109	133	2
109	144	2
110	0	1
110	10	1
110	21	2
110	23	2
110	32	1
110	39	2
110	43	2
110	49	1
110	50	2
110	73	2
110	103	2
110	123	2
110	134	2
111	38	1
111	40	2
111	52	2
111	53	1
111	74	1
111	112	1
111	139	1
111	141	1
112	2	1
112	75	2
112	95	2
112	109	2
112	124	1
112	134	2
113	1	1
113	32	1
113	41	1
113	61	1
113	84	2
113	119	1
113	123	1
113	136	1
113	139	1
113	141	1
114	9	1
114	18	1
114	22	1
114	42	1
114	56	1
114	67	2
114	93	1
114	116	1
114	124	1
114	136	1
115	1	2
115	71	2
115	83	1
115	118	2
116	3	1
116	8	2
116	20	1
116	63	2
116	64	1
116	78	1
116	99	1
117	6	2
117	90	2
117	124	1
117	133	2
117	146	2
118	69	1
118	73	2
118	79	1
118	97	1
118	127	1
118	130	1
118	131	1
119	76	2
119	91	2
119	95	2
119	100	1
119	113	1
119	122	2
119	136	1
119	139	1
119	143	1
119	145	1
120	7	1
120	12	1
120	29	2
120	72	2
120	75	1
120	84	2
120	113	1
120	114	1
120	125	2
120	130	2
120	132	1
120	138	2
121	16	2
121	28	2
121	33	2
121	35	1
121	96	1
121	112	2
121	113	2
121	146	2
122	30	1
122	33	1
122	45	1
122	78	1
122	85	1
122	88	2
122	104	1
122	119	1
122	136	2
123	8	1
123	25	1
123	46	2
123	58	1
123	95	1
123	105	2
124	23	1
124	31	2
124	37	2
124	146	2
125	39	1
125	41	2
125	45	2
125	53	2
125	66	2
125	85	1
125	137	2
126	29	2
126	49	1
126	52	2
126	70	1
126	83	1
126	142	1
127	47	2
128	35	1
128	41	2
128	77	2
128	85	2
128	117	1
128	125	1
128	127	1
129	42	2
129	46	1
129	56	1
129	81	1
129	84	1
129	118	1
129	125	1
130	53	1
130	61	1
130	86	1
130	108	2
130	110	2
131	2	2
131	41	1
131	67	1
131	119	2
131	133	1
131	135	2
131	138	2
132	1	2
132	13	2
132	20	1
132	67	2
132	111	1
132	129	2
133	13	1
133	28	2
133	37	2
133	38	2
133	60	2
133	69	2
133	71	2
133	92	2
133	94	1
133	123	1
134	26	1
134	53	2
134	69	2
134	79	1
134	84	1
135	19	1
135	21	2
135	42	1
135	65	1
135	86	2
135	91	2
135	127	1
136	1	1
136	5	1
136	55	2
136	61	1
136	105	2
136	124	1
136	131	1
136	144	2
137	18	1
137	39	2
137	46	2
137	48	2
137	62	2
137	69	2
137	86	1
137	107	2
137	110	1
138	0	2
138	11	1
138	24	1
138	35	2
138	39	2
138	50	2
138	52	1
138	102	2
138	119	1
138	147	1
139	43	1
139	54	2
139	57	1
139	70	2
139	138	2
140	23	1
140	26	2
140	65	1
140	110	1
141	50	1
142	26	1
142	38	1
142	57	2
142	58	2
142	73	2
142	81	1
142	88	2
142	106	2
142	107	2
142	114	1
142	116	1
143	8	1
143	33	1
143	65	1
143	95	2
143	97	2
143	129	1
143	137	1
143	145	2
144	5	2
144	18	1
144	22	2
144	38	2
144	41	2
144	67	1
144	86	2
144	103	1
144	133	2
145	33	1
145	34	2
145	48	1
145	57	1
145	122	2
145	132	1
145	146	1
146	4	1
146	32	2
146	41	2
146	55	1
146	68	2
146	76	2
146	115	1
146	119	1
147	1	1
147	4	2
147	16	1
147	36	2
147	71	1
147	86	1
147	88	1
147	134	1
148	9	1
148	30	1
148	46	2
148	49	1
148	60	2
148	61	2
148	68	2
149	7	1
149	11	1
149	50	1
149	68	1
149	70	2
149	78	2
149	113	1
149	127	2
149	136	1
