4.627134501934051514e-01
6.204801797866821289e-01
6.504035592079162598e-01
6.786893606185913086e-01
6.968378424644470215e-01
7.103844285011291504e-01
7.225482463836669922e-01
7.262513637542724609e-01
7.338219285011291504e-01
7.401177287101745605e-01
7.459252476692199707e-01
7.551636695861816406e-01
7.551334500312805176e-01
7.590958476066589355e-01
7.645620107650756836e-01
7.681355476379394531e-01
7.709313035011291504e-01
7.708923816680908203e-01
7.726251482963562012e-01
7.770456075668334961e-01
7.807574272155761719e-01
7.798672318458557129e-01
7.859815955162048340e-01
7.769678235054016113e-01
7.895853519439697266e-01
7.908298373222351074e-01
7.898792028427124023e-01
7.933922410011291504e-01
7.920440435409545898e-01
7.931631803512573242e-01
7.963348627090454102e-01
7.977694869041442871e-01
7.970392107963562012e-01
8.027905225753784180e-01
8.050504922866821289e-01
8.057547807693481445e-01
8.010664582252502441e-01
8.061998486518859863e-01
8.060832023620605469e-01
8.117395043373107910e-01
8.105080127716064453e-01
8.079931139945983887e-01
8.120160102844238281e-01
8.118259310722351074e-01
8.170241713523864746e-01
8.166136741638183594e-01
8.140599131584167480e-01
8.189124464988708496e-01
8.177371621131896973e-01
8.165791034698486328e-01
8.165488243103027344e-01
8.199884295463562012e-01
8.209606409072875977e-01
8.188562989234924316e-01
8.254070281982421875e-01
8.234020471572875977e-01
8.233674764633178711e-01
8.251434564590454102e-01
8.229137659072875977e-01
8.232508301734924316e-01
8.286694288253784180e-01
8.286175727844238281e-01
8.264181613922119141e-01
8.269626498222351074e-01
8.259471654891967773e-01
8.306009769439697266e-01
8.297324180603027344e-01
8.307824730873107910e-01
8.309121131896972656e-01
8.288898468017578125e-01
8.322688937187194824e-01
8.338374495506286621e-01
8.345331549644470215e-01
8.310460448265075684e-01
8.317331075668334961e-01
8.333794474601745605e-01
8.379986286163330078e-01
8.370264172554016113e-01
8.325886726379394531e-01
8.351510763168334961e-01
8.362615704536437988e-01
8.386641144752502441e-01
8.365942835807800293e-01
8.378819823265075684e-01
8.391221165657043457e-01
8.383616209030151367e-01
8.405826687812805176e-01
8.378949165344238281e-01
8.420129418373107910e-01
8.409196734428405762e-01
8.425876498222351074e-01
8.409283161163330078e-01
8.399474620819091797e-01
8.389190435409545898e-01
8.427863717079162598e-01
8.408937454223632812e-01
8.452364206314086914e-01
8.452234864234924316e-01
8.442209959030151367e-01
8.426005840301513672e-01
