2.479865495115518570e-02
2.032289560884237289e-02
1.481627936785419840e-02
1.281713694334030151e-02
1.065902924165129662e-02
9.244470701863368930e-03
8.603014983236789703e-03
8.111669837186733303e-03
7.649858094130952864e-03
7.150330425550539999e-03
6.575984841523070841e-03
5.962360650300979614e-03
5.384936851138870210e-03
4.852336482144892216e-03
4.369343242918451338e-03
3.935106253872315378e-03
3.548141297263403878e-03
3.221065931332608209e-03
2.963567191424469009e-03
2.750208096889158235e-03
2.562361051483700528e-03
2.391112793702632189e-03
2.231055502003679528e-03
2.078404087418069587e-03
1.931498991325497627e-03
1.791422352350006573e-03
1.661010591002802126e-03
1.542548823636025190e-03
1.436196131786952488e-03
1.340296371684720047e-03
1.252575593146805890e-03
1.171002494326482289e-03
1.094059388075644844e-03
1.020745296652118437e-03
9.505081106908619404e-04
8.831582769441107547e-04
8.187775529222562909e-04
7.576245892172058785e-04
7.000594390168165529e-04
6.464682131384810173e-04
5.972019183294227087e-04
5.524907658885543906e-04
5.123792798258364201e-04
4.766807202637816650e-04
4.450272535905241966e-04
4.169489790607864839e-04
3.919696706968049389e-04
3.696561373847847003e-04
3.496356754718969446e-04
3.315997892059385777e-04
3.152917051920667291e-04
3.004972046862046105e-04
2.870330087413701099e-04
2.747442874048526269e-04
2.634955089888535440e-04
2.531696785202560145e-04
2.436655364969434747e-04
2.348934649489820004e-04
2.267793630987095246e-04
2.192574126335481712e-04
2.122731724133094242e-04
2.057805710743802199e-04
1.997360426078861049e-04
1.941065008092361102e-04
1.888584738480858505e-04
1.839628651699361792e-04
1.793978153727948666e-04
1.751317346740203509e-04
1.711419051086219558e-04
1.674030669770824322e-04
1.638907754871373466e-04
1.605935588789483002e-04
1.574990455992519855e-04
1.545921598638718417e-04
1.518575591035187244e-04
1.492933442932553589e-04
1.469119839991132328e-04
1.447421891498379409e-04
1.428772411600220948e-04
1.417586233098215023e-04
1.440523956262040883e-04
1.411598823324311525e-04
1.369169064370604762e-04
1.376598314285123190e-04
1.410384660024040779e-04
1.494492425990756601e-04
1.756745465778900841e-04
2.498547012995307464e-04
2.306872047483921051e-04
1.533267010624209949e-04
1.149118385607531960e-04
9.641522653206872895e-05
9.926970111943471387e-05
9.661703613043452754e-05
9.331937326351180673e-05
9.187186515191569924e-05
9.276307052156577959e-05
9.449331021945302233e-05
9.600609822276358351e-05
9.714986542045760110e-05
