2.693917453289031982e-01
3.540039062500000000e-01
3.982282280921936035e-01
4.504045844078063965e-01
4.760044515132904053e-01
5.159040093421936035e-01
5.442243218421936035e-01
5.164620280265808105e-01
5.370396375656127930e-01
5.749163031578063965e-01
6.049804687500000000e-01
6.243024468421936035e-01
6.430664062500000000e-01
6.604352593421936035e-01
6.767578125000000000e-01
7.038922905921936035e-01
7.227259874343872070e-01
7.166573405265808105e-01
7.557896375656127930e-01
7.615094780921936035e-01
7.740653157234191895e-01
7.804827094078063965e-01
7.957589030265808105e-01
8.032923936843872070e-01
8.077567219734191895e-01
8.132672905921936035e-01
8.248465657234191895e-01
8.260323405265808105e-01
8.365653157234191895e-01
8.405413031578063965e-01
8.413783311843872070e-01
8.489118218421936035e-01
8.435407280921936035e-01
8.397740125656127930e-01
8.395647406578063965e-01
8.484932780265808105e-01
8.457728624343872070e-01
8.566545844078063965e-01
8.612583875656127930e-01
8.675362467765808105e-01
8.517717719078063965e-01
8.676757812500000000e-01
8.619559407234191895e-01
8.770228624343872070e-01
8.583984375000000000e-01
8.506556749343872070e-01
8.521903157234191895e-01
8.597935438156127930e-01
8.587471842765808105e-01
8.685128092765808105e-01
8.655831217765808105e-01
8.566545844078063965e-01
8.593750000000000000e-01
8.445172905921936035e-01
8.533063530921936035e-01
8.459821343421936035e-01
8.434012532234191895e-01
8.426339030265808105e-01
8.520507812500000000e-01
8.453543782234191895e-01
8.454241156578063965e-01
8.353794813156127930e-01
8.445870280265808105e-01
8.380998969078063965e-01
8.287528157234191895e-01
8.293805718421936035e-01
8.280552625656127930e-01
8.204520344734191895e-01
8.226841688156127930e-01
8.207310438156127930e-01
8.247767686843872070e-01
8.231026530265808105e-01
8.128487467765808105e-01
8.187779188156127930e-01
8.142438530921936035e-01
8.155692219734191895e-01
8.168945312500000000e-01
8.221958875656127930e-01
8.272879719734191895e-01
8.225446343421936035e-01
8.316825032234191895e-01
8.266601562500000000e-01
8.297293782234191895e-01
8.416573405265808105e-01
8.421456217765808105e-01
8.372628092765808105e-01
8.354492187500000000e-01
8.424246907234191895e-01
8.516322374343872070e-01
8.571428656578063965e-01
8.678153157234191895e-01
8.717913031578063965e-01
8.680943250656127930e-01
8.737444281578063965e-01
8.784179687500000000e-01
8.783482313156127930e-01
8.873465657234191895e-01
8.909737467765808105e-01
8.884626030921936035e-01
8.955078125000000000e-01
8.883231282234191895e-01
9.028320312500000000e-01
9.130162000656127930e-01
9.200614094734191895e-01
9.248744249343872070e-01
9.248744249343872070e-01
9.270368218421936035e-01
9.222935438156127930e-01
9.208287000656127930e-01
9.250139594078063965e-01
9.252929687500000000e-01
9.329659342765808105e-01
8.962053656578063965e-01
8.993443250656127930e-01
9.177594780921936035e-01
9.291294813156127930e-01
9.363141655921936035e-01
9.333147406578063965e-01
9.340820312500000000e-01
9.370117187500000000e-01
9.390345811843872070e-01
9.415457844734191895e-01
9.400809407234191895e-01
9.434989094734191895e-01
9.393135905265808105e-01
9.393135905265808105e-01
9.440569281578063965e-01
9.334542155265808105e-01
9.407784342765808105e-01
9.399414062500000000e-01
9.381975531578063965e-01
9.363839030265808105e-01
9.450334906578063965e-01
9.488700032234191895e-01
9.533342719078063965e-01
9.493582844734191895e-01
9.488700032234191895e-01
9.485211968421936035e-01
9.516601562500000000e-01
9.555664062500000000e-01
9.520787000656127930e-01
9.572405219078063965e-01
9.548688530921936035e-01
9.557059407234191895e-01
9.517996907234191895e-01
9.496372938156127930e-01
9.487304687500000000e-01
9.437081217765808105e-01
9.473353624343872070e-01
9.049944281578063965e-01
8.967633843421936035e-01
9.021344780921936035e-01
9.257812500000000000e-01
9.391741156578063965e-01
9.467773437500000000e-01
9.493582844734191895e-01
9.527762532234191895e-01
9.484514594078063965e-01
9.531250000000000000e-01
9.594029188156127930e-01
9.623326063156127930e-01
9.605887532234191895e-01
9.577288031578063965e-01
9.610770344734191895e-01
9.617745280265808105e-01
9.572405219078063965e-01
9.596121907234191895e-01
9.610072374343872070e-01
9.614955186843872070e-01
9.582868218421936035e-01
9.622628092765808105e-01
9.619837999343872070e-01
9.668666124343872070e-01
9.669364094734191895e-01
9.610770344734191895e-01
9.667968750000000000e-01
9.640067219734191895e-01
9.664481282234191895e-01
9.612165093421936035e-01
9.671456217765808105e-01
9.654017686843872070e-01
9.676339030265808105e-01
9.670061469078063965e-01
9.640067219734191895e-01
9.680524468421936035e-01
9.698660969734191895e-01
9.646344780921936035e-01
9.640067219734191895e-01
9.613560438156127930e-01
9.598912000656127930e-01
9.611467719078063965e-01
9.557756781578063965e-01
9.567522406578063965e-01
9.555664062500000000e-01
9.579380750656127930e-01
9.618443250656127930e-01
9.684012532234191895e-01
9.649134874343872070e-01
9.659598469734191895e-01
9.613560438156127930e-01
9.656807780265808105e-01
