2.626953125000000000e-01
3.318219780921936035e-01
3.714425265789031982e-01
4.176199734210968018e-01
4.407784640789031982e-01
4.468471109867095947e-01
4.712611734867095947e-01
4.855608344078063965e-01
4.953264594078063965e-01
5.060686469078063965e-01
5.244837999343872070e-01
5.355049967765808105e-01
5.438057780265808105e-01
5.493164062500000000e-01
5.602678656578063965e-01
5.770089030265808105e-01
5.787528157234191895e-01
5.795898437500000000e-01
5.816825032234191895e-01
5.839146375656127930e-01
6.017717719078063965e-01
6.062360405921936035e-01
6.096540093421936035e-01
6.051897406578063965e-01
6.106305718421936035e-01
6.231864094734191895e-01
6.274414062500000000e-01
6.316266655921936035e-01
6.412528157234191895e-01
6.525530219078063965e-01
6.559012532234191895e-01
6.595284342765808105e-01
6.619698405265808105e-01
6.650390625000000000e-01
6.635742187500000000e-01
6.706194281578063965e-01
6.499023437500000000e-01
6.771763563156127930e-01
6.776646375656127930e-01
6.868024468421936035e-01
6.889648437500000000e-01
6.917549967765808105e-01
6.998465657234191895e-01
6.916852593421936035e-01
6.813616156578063965e-01
6.941964030265808105e-01
6.971958875656127930e-01
7.059151530265808105e-01
7.080078125000000000e-01
7.071009874343872070e-01
7.069615125656127930e-01
6.870814561843872070e-01
7.038922905921936035e-01
7.087053656578063965e-01
7.124023437500000000e-01
7.055664062500000000e-01
7.136579155921936035e-01
7.099609375000000000e-01
7.188197374343872070e-01
7.285156250000000000e-01
7.385602593421936035e-01
7.405133843421936035e-01
7.361885905265808105e-01
7.467215657234191895e-01
7.420479655265808105e-01
7.474888563156127930e-01
7.493721842765808105e-01
7.377232313156127930e-01
7.429547905921936035e-01
7.473493218421936035e-01
7.368164062500000000e-01
7.437918782234191895e-01
7.494419813156127930e-01
7.548828125000000000e-01
7.619280219078063965e-01
7.346540093421936035e-01
7.520228624343872070e-01
7.689034342765808105e-01
7.684849500656127930e-01
7.600446343421936035e-01
7.631835937500000000e-01
7.682059407234191895e-01
7.735072374343872070e-01
7.744837999343872070e-01
7.777622938156127930e-01
7.755301594734191895e-01
7.752510905265808105e-01
7.737862467765808105e-01
7.700195312500000000e-01
7.715541124343872070e-01
7.797851562500000000e-01
7.940848469734191895e-01
7.839704155921936035e-01
7.910156250000000000e-01
7.908063530921936035e-01
7.902483344078063965e-01
7.854352593421936035e-01
7.772740125656127930e-01
7.850865125656127930e-01
7.707170844078063965e-01
7.940848469734191895e-01
7.896903157234191895e-01
7.932477593421936035e-01
7.998744249343872070e-01
7.898297905921936035e-01
8.048967719078063965e-01
8.021763563156127930e-01
8.077567219734191895e-01
8.090122938156127930e-01
8.035714030265808105e-01
8.118024468421936035e-01
8.110351562500000000e-01
8.176618218421936035e-01
8.154296875000000000e-01
7.998046875000000000e-01
8.144531250000000000e-01
8.189871907234191895e-01
8.203822374343872070e-01
8.182198405265808105e-01
8.001534342765808105e-01
8.232421875000000000e-01
8.221958875656127930e-01
8.274971842765808105e-01
8.214983344078063965e-01
8.191964030265808105e-01
8.136160969734191895e-01
8.143135905265808105e-01
8.199637532234191895e-01
8.214285969734191895e-01
8.249860405921936035e-01
8.205915093421936035e-01
8.111746907234191895e-01
8.189173936843872070e-01
8.316127061843872070e-01
8.338448405265808105e-01
8.402622938156127930e-01
8.333565592765808105e-01
8.387276530265808105e-01
8.386579155921936035e-01
8.278459906578063965e-01
8.337751030921936035e-01
8.354492187500000000e-01
8.233119249343872070e-01
8.295898437500000000e-01
8.407505750656127930e-01
8.403320312500000000e-01
8.431919813156127930e-01
8.429827094078063965e-01
8.474469780921936035e-01
8.429129719734191895e-01
8.330078125000000000e-01
8.288225531578063965e-01
8.376813530921936035e-01
8.428431749343872070e-01
8.464704155921936035e-01
8.515625000000000000e-01
8.542829155921936035e-01
8.467494249343872070e-01
8.451451063156127930e-01
8.326590657234191895e-01
8.424246907234191895e-01
8.532366156578063965e-01
8.420758843421936035e-01
8.406807780265808105e-01
8.401924967765808105e-01
8.473075032234191895e-01
8.542131781578063965e-01
8.442382812500000000e-01
8.517020344734191895e-01
8.480747938156127930e-01
8.593750000000000000e-01
8.645368218421936035e-01
8.629325032234191895e-01
8.636997938156127930e-01
8.636299967765808105e-01
8.681640625000000000e-01
8.709542155265808105e-01
8.632812500000000000e-01
8.607003092765808105e-01
8.520507812500000000e-01
8.702567219734191895e-01
8.646763563156127930e-01
8.649553656578063965e-01
8.725585937500000000e-01
8.696986436843872070e-01
8.684430718421936035e-01
8.767438530921936035e-01
8.719307780265808105e-01
8.747907280921936035e-01
8.784877061843872070e-01
8.681640625000000000e-01
8.792549967765808105e-01
8.779994249343872070e-01
8.710240125656127930e-01
8.676757812500000000e-01
8.501673936843872070e-01
8.627929687500000000e-01
8.756278157234191895e-01
8.856724500656127930e-01
8.729073405265808105e-01
