2.354700118303298950e-02
1.507718736926714521e-02
1.312359981238842010e-02
1.091187850882609743e-02
9.443108846123019276e-03
8.554211507240930615e-03
7.848001240442195950e-03
7.219670379223923178e-03
6.571215111762285233e-03
5.955141425753633470e-03
5.466505535878241062e-03
4.975057478683690519e-03
4.556590497183303327e-03
3.988194085347156019e-03
3.600105255221327290e-03
3.340737816567222133e-03
3.052773458572725310e-03
2.807622115748623862e-03
2.588798020345469460e-03
2.398922340944409370e-03
2.215164868781963840e-03
2.045079095599552140e-03
1.892395899631083012e-03
1.754690291515241139e-03
1.636204794825365074e-03
1.513113966211676598e-03
1.371514217074339516e-03
1.279778351696829073e-03
1.172606852681686409e-03
1.085187628632411361e-03
1.044105835414181225e-03
9.373913732512543237e-04
8.953280727534244096e-04
8.425921356926361358e-04
8.060814870987087488e-04
7.460717752110213041e-04
6.853449449408799410e-04
7.365912412448475397e-04
6.205006987632563078e-04
6.002657367692639792e-04
5.423614202300086617e-04
5.267273663775995374e-04
4.900716109356532133e-04
4.789353212496886831e-04
4.608452193982278127e-04
4.434445048294340390e-04
4.318630332515264732e-04
4.023516715581839103e-04
3.970211255364120007e-04
3.937798901461064816e-04
3.659744300724317449e-04
3.689903921137253624e-04
3.442193459098537582e-04
3.715299584049110431e-04
3.366195451235398650e-04
3.309861349407583475e-04
3.356872815250729340e-04
3.234638619081427473e-04
3.162630891893059015e-04
2.994879566055412274e-04
2.993037390600268859e-04
3.088779970615481156e-04
3.001841881390039939e-04
2.967281810318430084e-04
2.735766878079933244e-04
2.805519228180249351e-04
2.973477530758827925e-04
2.586034825071692467e-04
2.837401213279615027e-04
2.475194317715552765e-04
2.764312206030202228e-04
2.360055174600953767e-04
2.656639771885238588e-04
2.280387780047021806e-04
2.682139990308011752e-04
2.208822916145436466e-04
2.572375233285129070e-04
2.206104303089281014e-04
2.466240039211697876e-04
2.188893971227419963e-04
2.236744864300514171e-04
2.390210914503162196e-04
2.047136998347317269e-04
2.285169102833606303e-04
2.081560160149820149e-04
2.132547524524852633e-04
1.940030997502617538e-04
1.974306966682585487e-04
1.994150152313522995e-04
1.910975188366137445e-04
2.067948031860093185e-04
1.912647300438644895e-04
2.031016774708405137e-04
1.868479812401346862e-04
1.853341843040349492e-04
1.690782519290223718e-04
1.815777456310267159e-04
1.774105185177177191e-04
1.681208086665719748e-04
1.668826322808551201e-04
1.682268339209258556e-04
