2.329578747351964199e-02
1.743721667056282246e-02
1.397267465169231039e-02
1.181245168360571009e-02
9.649330982938408852e-03
8.807438037668665828e-03
8.233969410260518970e-03
7.719325910632808714e-03
7.214156057064731627e-03
6.732031664190192728e-03
6.299214204773306847e-03
5.893649649806320667e-03
5.475908479032416849e-03
5.026871105656027794e-03
4.565844816776613684e-03
4.150082124397158623e-03
3.813027481858929143e-03
3.538818409045537457e-03
3.303175307034204259e-03
3.089440579060465097e-03
2.891201719952126489e-03
2.708572467478612914e-03
2.539898210670799017e-03
2.382815543872614846e-03
2.236232607780645146e-03
2.100163120000312581e-03
1.975152408704161644e-03
1.861427949431041949e-03
1.758278619187573664e-03
1.664026174694299698e-03
1.576378107226143353e-03
1.492878722880656593e-03
1.411326995973164909e-03
1.330120712130640872e-03
1.248488066873202794e-03
1.166633679531514645e-03
1.085766979182759993e-03
1.007916541614880092e-03
9.354203260348489249e-04
8.704426387945810592e-04
8.150242113818725312e-04
7.710189092904329300e-04
7.343966087015966213e-04
6.728330287539089358e-04
5.911329887264097369e-04
5.509350254821280277e-04
5.297910489995653069e-04
5.172848129101718104e-04
5.208825120159114039e-04
5.912375345360487700e-04
8.357905220085134470e-04
5.770884405743951237e-04
4.694967695589487571e-04
3.962814322828004938e-04
3.834235443112750667e-04
3.795801846232886296e-04
3.654091366721938234e-04
3.512752009555697441e-04
3.469011135166510940e-04
3.422238223720341921e-04
3.347467524387563449e-04
3.259065172945459503e-04
3.175344754708930850e-04
3.101397111701468807e-04
3.035730818131317514e-04
2.974844634688149077e-04
2.921608053535844070e-04
2.883196502807550132e-04
2.847615226831597406e-04
2.816106134559959173e-04
2.798753751752277035e-04
2.792145193476850968e-04
2.810944521722073537e-04
2.878367473992208820e-04
3.086021970375441015e-04
3.931921382900327444e-04
6.497985984121138489e-04
3.718608592559273225e-04
2.625831572610574645e-04
2.503437790437601507e-04
2.420920888350034663e-04
2.381896677737434795e-04
2.295795250878048530e-04
2.200675880885683000e-04
2.075227263655202994e-04
1.951768669338586339e-04
1.903246181124510774e-04
1.942486099627179494e-04
1.937468283964941809e-04
1.885255357289376268e-04
1.877310836183217755e-04
1.858462516490059504e-04
1.846167166756155500e-04
1.832123962230980396e-04
1.819306198740378022e-04
1.810431009895789036e-04
1.804402369695405075e-04
1.801090887359654000e-04
1.805567202003051928e-04
1.821654392794395396e-04
