3.092913031578063965e-01
3.648855984210968018e-01
4.207589328289031982e-01
4.558454155921936035e-01
4.750278890132904053e-01
4.820033609867095947e-01
5.009765625000000000e-01
5.115792155265808105e-01
5.228794813156127930e-01
5.302037000656127930e-01
5.428292155265808105e-01
5.486188530921936035e-01
5.505022406578063965e-01
5.666852593421936035e-01
5.805664062500000000e-01
5.856584906578063965e-01
5.952148437500000000e-01
6.033760905265808105e-01
6.090262532234191895e-01
6.159319281578063965e-01
6.240931749343872070e-01
6.181640625000000000e-01
6.308593750000000000e-01
6.349051594734191895e-01
6.376255750656127930e-01
6.365094780921936035e-01
6.453682780265808105e-01
6.442522406578063965e-01
6.609932780265808105e-01
6.535295844078063965e-01
6.615513563156127930e-01
6.667829155921936035e-01
6.695731282234191895e-01
6.495535969734191895e-01
6.713169813156127930e-01
6.788504719734191895e-01
6.815010905265808105e-01
6.891741156578063965e-01
6.921735405921936035e-01
6.919642686843872070e-01
7.001953125000000000e-01
7.024274468421936035e-01
7.017996907234191895e-01
7.060546875000000000e-01
7.082170844078063965e-01
7.186802625656127930e-01
7.179827094078063965e-01
7.125418782234191895e-01
7.158203125000000000e-01
6.903599500656127930e-01
7.024971842765808105e-01
7.202845811843872070e-01
7.323521375656127930e-01
7.261439561843872070e-01
7.375836968421936035e-01
7.290736436843872070e-01
7.337471842765808105e-01
7.344447374343872070e-01
7.395368218421936035e-01
7.523716688156127930e-01
7.373046875000000000e-01
7.441406250000000000e-01
7.294224500656127930e-01
7.442801594734191895e-01
7.537667155265808105e-01
7.494419813156127930e-01
7.555803656578063965e-01
7.639508843421936035e-01
7.615792155265808105e-01
7.672991156578063965e-01
7.604631781578063965e-01
7.637416124343872070e-01
7.637416124343872070e-01
7.656947374343872070e-01
7.705078125000000000e-01
7.599051594734191895e-01
7.661132812500000000e-01
7.751116156578063965e-01
7.743443250656127930e-01
7.809012532234191895e-01
7.663922905921936035e-01
7.748326063156127930e-01
7.738560438156127930e-01
7.765067219734191895e-01
7.616490125656127930e-01
7.673688530921936035e-01
7.744837999343872070e-01
7.919921875000000000e-01
7.852259874343872070e-01
7.894810438156127930e-01
7.926897406578063965e-01
7.873883843421936035e-01
7.799246907234191895e-01
7.869698405265808105e-01
7.947823405265808105e-01
7.859235405921936035e-01
7.871791124343872070e-01
8.021763563156127930e-01
8.037806749343872070e-01
7.920619249343872070e-01
7.998744249343872070e-01
7.940150499343872070e-01
7.965262532234191895e-01
7.794364094734191895e-01
8.028041124343872070e-01
8.037806749343872070e-01
8.127790093421936035e-01
8.142438530921936035e-01
8.180106282234191895e-01
8.186383843421936035e-01
8.187081217765808105e-01
7.948521375656127930e-01
8.007115125656127930e-01
8.039899468421936035e-01
8.084542155265808105e-01
8.050362467765808105e-01
8.192662000656127930e-01
8.191964030265808105e-01
8.233119249343872070e-01
8.109654188156127930e-01
8.161272406578063965e-01
8.258231282234191895e-01
8.282645344734191895e-01
8.265206217765808105e-01
8.337751030921936035e-01
8.354492187500000000e-01
8.262416124343872070e-01
8.191964030265808105e-01
8.017578125000000000e-01
8.203822374343872070e-01
8.461914062500000000e-01
8.400530219078063965e-01
8.403320312500000000e-01
8.417271375656127930e-01
8.427037000656127930e-01
8.258928656578063965e-01
8.188476562500000000e-01
8.189871907234191895e-01
8.343331217765808105e-01
8.353794813156127930e-01
8.334960937500000000e-01
8.341239094734191895e-01
8.380301594734191895e-01
8.490513563156127930e-01
8.410295844078063965e-01
8.402622938156127930e-01
8.285435438156127930e-01
8.461914062500000000e-01
8.397042155265808105e-01
8.437500000000000000e-01
8.377510905265808105e-01
8.498186469078063965e-01
8.574218750000000000e-01
8.578404188156127930e-01
8.524693250656127930e-01
8.554687500000000000e-01
8.468192219734191895e-01
8.503069281578063965e-01
8.536551594734191895e-01
8.554687500000000000e-01
8.367047905921936035e-01
8.343331217765808105e-01
8.424246907234191895e-01
8.464704155921936035e-01
8.697684407234191895e-01
8.650251030921936035e-01
8.505859375000000000e-01
8.558872938156127930e-01
8.551200032234191895e-01
8.646763563156127930e-01
8.670479655265808105e-01
8.568638563156127930e-01
8.646065592765808105e-01
8.095005750656127930e-01
8.017578125000000000e-01
8.077567219734191895e-01
8.251953125000000000e-01
8.348912000656127930e-01
8.378208875656127930e-01
8.431919813156127930e-01
8.401924967765808105e-01
8.400530219078063965e-01
8.542131781578063965e-01
8.603515625000000000e-01
8.566545844078063965e-01
8.649553656578063965e-01
8.666294813156127930e-01
8.611188530921936035e-01
8.488420844078063965e-01
8.428431749343872070e-01
8.439592719078063965e-01
8.587471842765808105e-01
8.687918782234191895e-01
8.794642686843872070e-01
8.761160969734191895e-01
8.683035969734191895e-01
8.699776530265808105e-01
8.560267686843872070e-01
8.667689561843872070e-01
8.703961968421936035e-01
