5.066540028367724213e-01
4.575367263385227701e-01
4.497376143932342307e-01
4.456736675330570940e-01
4.384514187063489610e-01
4.096614548138209910e-01
3.824466219970157899e-01
3.734822869300842285e-01
3.623209689344678575e-01
3.545171099049704289e-01
3.497327983379364125e-01
3.488670519420078997e-01
3.456777436392647895e-01
3.418518866811479651e-01
3.487285103116716800e-01
3.427360032285962643e-01
3.400273178304944466e-01
3.384878064904894290e-01
3.351553423064095871e-01
3.356666888509478031e-01
3.332970023155212291e-01
3.313266762665340037e-01
3.315435784203665803e-01
3.327086295400347171e-01
3.331176570483616595e-01
3.302203340189797665e-01
3.584561858858381078e-01
3.307321710245950119e-01
3.441441135747091984e-01
3.419589851583753060e-01
3.349629810878208547e-01
3.367104726178305474e-01
3.381986030510493735e-01
3.347081346171242866e-01
3.307734889643532683e-01
3.306439306054796412e-01
3.300679964678628342e-01
3.276219027382986648e-01
3.286574014595576854e-01
3.304849735328129201e-01
3.314617497580392147e-01
3.266176743166787078e-01
3.247816775526319311e-01
3.255533405712672801e-01
3.260306792599814152e-01
3.257153613226754230e-01
3.240318570818219723e-01
3.246168375015258678e-01
3.251250105244772870e-01
3.250386468001774110e-01
3.243289956024714704e-01
3.234072847025735165e-01
3.270746912275042106e-01
3.260381817817687988e-01
3.237705647945404164e-01
3.229959837027958636e-01
3.336672340120587776e-01
3.245519442217690842e-01
3.252957156726292154e-01
3.229770796639578889e-01
3.247766443661281310e-01
3.232589329992021643e-01
3.223308060850416101e-01
3.219940049307686847e-01
3.216160978589739372e-01
3.225131366934095301e-01
3.255314111709594616e-01
3.248793210302080570e-01
3.217629262379237409e-01
3.210158339568546793e-01
3.214562399046761443e-01
3.217074692249298207e-01
3.231512972286769148e-01
3.220396535737173882e-01
3.213405753884996940e-01
3.301447502204349904e-01
3.223000236919947858e-01
3.215127468109130748e-01
3.211316934653690724e-01
3.209698677062988170e-01
3.208006313868931314e-01
3.205420204571315379e-01
3.218386360577174532e-01
3.209030892167772375e-01
3.209081675325121119e-01
3.208524022783552088e-01
3.209117259298052138e-01
3.206881548677171789e-01
3.205075885568346439e-01
3.204357547419411922e-01
3.204267101628439640e-01
3.204234412738254933e-01
3.204207369259425842e-01
3.205059622015271614e-01
3.204164266586303489e-01
3.204583363873618196e-01
3.204148718288966635e-01
3.204210153647831238e-01
3.204599022865295410e-01
3.204572473253522458e-01
3.204119656767163704e-01
