8.023281046322413568e-01
8.578250169754028098e-01
8.638956104006085823e-01
8.676944255828857866e-01
8.742072769573756563e-01
9.026827437537057186e-01
9.317006008965628139e-01
9.401389360427856445e-01
9.528579780033656910e-01
9.596941760608128646e-01
9.656291723251342329e-01
9.647801228931971451e-01
9.683077437537056520e-01
9.716997657503400054e-01
9.651347637176513894e-01
9.704480971608843154e-01
9.737963114465986170e-01
9.746453608785357048e-01
9.788864323071071460e-01
9.776785714285713969e-01
9.797354800360543736e-01
9.828604800360543070e-01
9.815211943217686530e-01
9.803133351462227640e-01
9.806721465928214254e-01
9.836615494319370656e-01
9.546478646142142477e-01
9.829919065747941831e-01
9.707151208605084847e-01
9.707589285714285365e-01
9.783482142857142794e-01
9.766104800360543292e-01
9.771883351462228307e-01
9.783044065747942275e-01
9.828124999999999778e-01
9.834383351462228084e-01
9.830357142857142350e-01
9.863839285714285365e-01
9.864757180213927779e-01
9.826810751642499620e-01
9.819196428571428381e-01
9.872329780033656244e-01
9.886640514646257705e-01
9.879026208605085069e-01
9.883970294679914614e-01
9.883052400180272201e-01
9.894651208605085291e-01
9.887954780033656466e-01
9.885284543037414773e-01
9.883928571428571841e-01
9.893336943217686530e-01
9.903579780033656688e-01
9.858936922890799703e-01
9.870535714285714191e-01
9.895089285714285809e-01
9.903579780033656688e-01
9.794204780033656244e-01
9.887954780033656466e-01
9.881258351462227640e-01
9.905811922890799259e-01
9.885284543037414773e-01
9.901785714285714635e-01
9.908044065747941831e-01
9.912946428571428603e-01
9.916972637176513228e-01
9.908044065747941831e-01
9.876794065747942497e-01
9.883928571428571841e-01
9.915178571428571175e-01
9.923230971608842932e-01
9.918766685894557789e-01
9.915178571428571175e-01
9.904017857142857206e-01
9.914740494319370656e-01
9.919204780033656910e-01
9.829042894499642191e-01
9.912508351462228084e-01
9.916096465928213588e-01
9.920998828751700360e-01
9.921875000000000000e-01
9.925463114465985504e-01
9.928133351462228307e-01
9.915178571428571175e-01
9.924107142857142572e-01
9.923669065747942053e-01
9.924107142857142572e-01
9.923230971608842932e-01
9.924107142857142572e-01
9.928133351462228307e-01
9.928571428571428825e-01
9.928571428571428825e-01
9.928571428571428825e-01
9.928571428571428825e-01
9.927695257323129185e-01
9.928571428571428825e-01
9.928133351462228307e-01
9.928571428571428825e-01
9.928571428571428825e-01
9.928133351462228307e-01
9.928133351462228307e-01
9.928571428571428825e-01
