2.758091390132904053e-01
3.648855984210968018e-01
4.028320312500000000e-01
4.338030219078063965e-01
4.570312500000000000e-01
4.769112765789031982e-01
4.797711968421936035e-01
5.136021375656127930e-01
5.190429687500000000e-01
5.386439561843872070e-01
5.482701063156127930e-01
5.533621907234191895e-01
5.711495280265808105e-01
5.831473469734191895e-01
5.838448405265808105e-01
5.916573405265808105e-01
5.891461968421936035e-01
6.098632812500000000e-01
6.134207844734191895e-01
6.120256781578063965e-01
6.178153157234191895e-01
6.152343750000000000e-01
6.261858344078063965e-01
6.252790093421936035e-01
6.476004719734191895e-01
6.432059407234191895e-01
6.488560438156127930e-01
6.570172905921936035e-01
6.586914062500000000e-01
6.539481282234191895e-01
6.597377061843872070e-01
6.696428656578063965e-01
6.786412000656127930e-01
6.815708875656127930e-01
6.681082844734191895e-01
6.821986436843872070e-01
6.865931749343872070e-01
6.852678656578063965e-01
6.978934407234191895e-01
6.971958875656127930e-01
6.914062500000000000e-01
6.985211968421936035e-01
7.035435438156127930e-01
7.022879719734191895e-01
7.156110405921936035e-01
7.173548936843872070e-01
7.185407280921936035e-01
7.177037000656127930e-01
7.212611436843872070e-01
7.231445312500000000e-01
7.233538031578063965e-01
7.304687500000000000e-01
7.320033311843872070e-01
7.126116156578063965e-01
7.246093750000000000e-01
7.255162000656127930e-01
7.440708875656127930e-01
7.390485405921936035e-01
7.244698405265808105e-01
7.282366156578063965e-01
7.416992187500000000e-01
7.502092719078063965e-01
7.460240125656127930e-01
7.419084906578063965e-01
7.598353624343872070e-01
7.586495280265808105e-01
7.531389594078063965e-01
7.645089030265808105e-01
7.626255750656127930e-01
7.486746907234191895e-01
7.607421875000000000e-01
7.652064561843872070e-01
7.596260905265808105e-01
7.658342719078063965e-01
7.557896375656127930e-01
7.666015625000000000e-01
7.682756781578063965e-01
7.710658311843872070e-01
7.597656250000000000e-01
7.691825032234191895e-01
7.702288031578063965e-01
7.675083875656127930e-01
7.809012532234191895e-01
7.777622938156127930e-01
7.604631781578063965e-01
7.609514594078063965e-01
7.817382812500000000e-01
7.812500000000000000e-01
7.817382812500000000e-01
7.685546875000000000e-01
7.869698405265808105e-01
7.916434407234191895e-01
7.906668782234191895e-01
7.743443250656127930e-01
7.861328125000000000e-01
7.989676594734191895e-01
7.873186469078063965e-01
7.973632812500000000e-01
7.893415093421936035e-01
7.890625000000000000e-01
8.043387532234191895e-01
8.035016655921936035e-01
8.030831217765808105e-01
8.105468750000000000e-01
8.014090657234191895e-01
7.890625000000000000e-01
7.862025499343872070e-01
8.048967719078063965e-01
8.150111436843872070e-01
8.121512532234191895e-01
7.965959906578063965e-01
8.047572374343872070e-01
8.132672905921936035e-01
8.191964030265808105e-01
8.142438530921936035e-01
8.197544813156127930e-01
8.258231282234191895e-01
8.202427625656127930e-01
8.060826063156127930e-01
8.102678656578063965e-01
8.120814561843872070e-01
8.263114094734191895e-01
8.182198405265808105e-01
8.192662000656127930e-01
8.251255750656127930e-01
8.209403157234191895e-01
8.060826063156127930e-01
8.265904188156127930e-01
8.249860405921936035e-01
8.272181749343872070e-01
8.347516655921936035e-01
8.408203125000000000e-01
8.389369249343872070e-01
8.409598469734191895e-01
8.401924967765808105e-01
8.447265625000000000e-01
8.434012532234191895e-01
8.429129719734191895e-01
8.355189561843872070e-01
8.464704155921936035e-01
8.482840657234191895e-01
8.476562500000000000e-01
8.510044813156127930e-01
8.519810438156127930e-01
8.546317219734191895e-01
8.484235405921936035e-01
8.470982313156127930e-01
8.482142686843872070e-01
8.571428656578063965e-01
8.496093750000000000e-01
8.495396375656127930e-01
8.559570312500000000e-01
8.494001030921936035e-01
8.462611436843872070e-01
8.590959906578063965e-01
8.514927625656127930e-01
8.599330186843872070e-01
8.670479655265808105e-01
8.569335937500000000e-01
8.649553656578063965e-01
8.387974500656127930e-01
8.485630750656127930e-01
8.521205186843872070e-01
8.496791124343872070e-01
8.643275499343872070e-01
8.533063530921936035e-01
8.422851562500000000e-01
8.594447374343872070e-01
8.687918782234191895e-01
8.665596842765808105e-01
8.722795844078063965e-01
8.601422905921936035e-01
8.575614094734191895e-01
8.677455186843872070e-01
8.741629719734191895e-01
8.671177625656127930e-01
8.742327094078063965e-01
8.704659342765808105e-01
8.717215657234191895e-01
8.646065592765808105e-01
8.724190592765808105e-01
8.535853624343872070e-01
8.753487467765808105e-01
8.745117187500000000e-01
8.735351562500000000e-01
8.744419813156127930e-01
8.739537000656127930e-01
8.544224500656127930e-01
8.687220811843872070e-01
8.703961968421936035e-01
8.745814561843872070e-01
8.521205186843872070e-01
8.436104655265808105e-01
8.703264594078063965e-01
8.732561469078063965e-01
8.815569281578063965e-01
8.748604655265808105e-01
8.798130750656127930e-01
8.800223469734191895e-01
8.927873969078063965e-01
