2.417748762915531910e-02
1.827659364789724350e-02
1.364536831776301008e-02
1.186940725892782211e-02
1.005207824831207651e-02
9.092260307321945248e-03
8.440465355912843762e-03
7.782988250255584717e-03
7.144026497068504782e-03
6.609868180627624483e-03
6.158790046659608393e-03
5.710847442969679832e-03
5.200657799529532881e-03
4.590931154477099867e-03
3.998748764085273237e-03
3.559932558952520146e-03
3.170231046775976672e-03
2.774666432136049018e-03
2.414665941614657640e-03
2.108682917120555892e-03
1.846242385605971091e-03
1.578062423504889011e-03
1.373502920614555478e-03
1.309765172967066295e-03
1.045940162536377780e-03
9.412006766069680452e-04
8.400201816887905562e-04
7.915968987314651048e-04
7.638042928495755160e-04
7.479146685606489217e-04
7.193505104320744312e-04
6.981696836495151484e-04
6.790748351098349058e-04
6.617760227527469397e-04
6.496785887672255075e-04
6.550539401359856129e-04
8.070175050913045442e-04
5.617534479824826121e-04
5.653945845551788807e-04
5.419390557411437595e-04
5.245729068216556943e-04
5.102024345736330116e-04
4.992653363539526499e-04
4.846827844933916944e-04
4.727749086062734145e-04
4.614634672179818153e-04
4.496652982197701931e-04
4.380125125559667927e-04
4.265011084498837590e-04
4.151816829107701778e-04
4.041744735635195989e-04
3.934273991035297513e-04
3.829084065121908802e-04
3.726821353969474453e-04
3.628484943571190220e-04
3.534635519220803994e-04
3.445280405382315498e-04
3.360153981096421498e-04
3.278960745471219402e-04
3.201367702179898638e-04
3.127049324878801721e-04
3.055692456352214199e-04
2.987003584469978827e-04
2.920742990681901574e-04
2.856735954992473125e-04
2.794849545656082350e-04
2.734973483408490997e-04
2.676987763455447871e-04
2.620793505532977301e-04
2.566284286634375471e-04
2.513401486794464290e-04
2.462108338174099904e-04
2.412422181805595756e-04
2.364426133378098318e-04
2.318278129678219557e-04
2.274264043080620468e-04
2.232783008366823196e-04
2.194581417522082636e-04
2.161347947549074888e-04
2.129497055041914275e-04
2.091764860476056644e-04
2.062283310806378722e-04
2.031531864001105139e-04
2.019748329378975025e-04
2.011241182723703393e-04
2.038502037369956663e-04
2.084984710866895905e-04
2.164844942550795683e-04
2.340250891090060183e-04
2.509591528602565509e-04
2.468915675611545462e-04
1.933542128729944518e-04
1.710398840562750986e-04
1.896669200505129993e-04
2.078107475729969731e-04
1.677516083873342723e-04
1.552224784973077476e-04
1.828817864103863546e-04
1.826804073061794043e-04
1.492656071301704803e-04
