2.330203354358673096e-02
1.695492972309390819e-02
1.331847968200842482e-02
1.142132064948479277e-02
9.408587822690606117e-03
8.315408990407982884e-03
7.722605019807815552e-03
7.239035951594511957e-03
6.782042211852967739e-03
6.315461204697688131e-03
5.809142060267428846e-03
5.244825462189813166e-03
4.635234324571986704e-03
4.049078716586033792e-03
3.553386428393423557e-03
3.149464338396986470e-03
2.783259590311596646e-03
2.407187984014550700e-03
2.023439272306859493e-03
1.668273490698387153e-03
1.378614998733003862e-03
1.172579436873396165e-03
1.035968016367405653e-03
9.400631242897361517e-04
8.657122186074653900e-04
8.038193045649677515e-04
7.505157263949513435e-04
7.038174953777343035e-04
6.626380394057681525e-04
6.262809086668615901e-04
5.942112475167959929e-04
5.659587138021985328e-04
5.410800173801059163e-04
5.191435241916527712e-04
4.997342039132490754e-04
4.824557593868424314e-04
4.669426465018962640e-04
4.528627420465151650e-04
4.399252065923064947e-04
4.278850295425702947e-04
4.165390661607186180e-04
4.057210850684593302e-04
3.953053722701345700e-04
3.851882211165502667e-04
3.752960280204812866e-04
3.655758482636883855e-04
3.560050099622458220e-04
3.465873160166665912e-04
3.373652337662254590e-04
3.284007883242641705e-04
3.197585319867357612e-04
3.114843178385247606e-04
3.035956033272668719e-04
2.960904142431293744e-04
2.889516933161455077e-04
2.821626306589071769e-04
2.757174152065999806e-04
2.696471225741940421e-04
2.640330567373894155e-04
2.589754124831718522e-04
2.543337808068220633e-04
2.492835677306478042e-04
2.435432155228530458e-04
2.374633719834188530e-04
2.314837499094816455e-04
2.261222616652958095e-04
2.216496407830466917e-04
2.180506683847246161e-04
2.152409821671123216e-04
2.131322447288160613e-04
2.117140077947018138e-04
2.109671889532667986e-04
2.106569760750668654e-04
2.100600080060151806e-04
2.074069319254097930e-04
2.004020473881003848e-04
1.896525912646514764e-04
1.793794629823727003e-04
1.733135601777272829e-04
1.714433577338544121e-04
1.722088030267817369e-04
1.749116321055529109e-04
1.797732111299410462e-04
1.874893375012713084e-04
1.968964158246914455e-04
1.911371946334838867e-04
1.655617694874914894e-04
1.571463932729481319e-04
1.593119765554244229e-04
1.629931842520212224e-04
1.682704411602268526e-04
1.745335272668550322e-04
1.956221094587817788e-04
2.729967551810356659e-04
4.968142651099091136e-04
2.664522326085716486e-04
1.656360836932435632e-04
1.467966224784807703e-04
1.367793859875140181e-04
1.293684338937358400e-04
