9.064086079597473145e-01
3.950384259223937988e-01
1.185456886887550354e-01
-3.968724310398101807e-01
-2.087670862674713135e-01
2.258037775754928589e-01
-1.738879978656768799e-01
2.666437029838562012e-01
3.816705569624900818e-02
-1.239028498530387878e-01
5.128222703933715820e-01
4.025994241237640381e-02
-9.172957390546798706e-02
5.318158864974975586e-01
-2.859344482421875000e-01
3.437408804893493652e-01
1.726897549815475941e-03
1.202727034687995911e-01
1.907908022403717041e-01
1.640810370445251465e-01
-1.189859956502914429e-01
-3.071050345897674561e-01
-2.697086036205291748e-01
3.645117878913879395e-01
-6.824320554733276367e-02
-6.586610525846481323e-02
-4.585631564259529114e-02
2.370786666870117188e-02
2.175412178039550781e-01
-1.590912044048309326e-01
-2.263934537768363953e-02
-3.964412510395050049e-01
-6.728971004486083984e-01
1.227381825447082520e-02
-1.935769617557525635e-01
-1.580798476934432983e-01
1.427827179431915283e-01
-1.875800937414169312e-01
-3.096301257610321045e-01
3.634762167930603027e-01
-1.244786679744720459e-01
-7.167245447635650635e-02
-2.036329954862594604e-01
4.542004466056823730e-01
2.831507921218872070e-01
7.587420195341110229e-02
1.664514839649200439e-01
4.989058375358581543e-01
-7.932889461517333984e-02
6.379123330116271973e-01
2.481676489114761353e-01
2.479852586984634399e-01
1.822519451379776001e-01
5.251491069793701172e-01
1.230714023113250732e-01
-1.423844993114471436e-01
-2.356361597776412964e-01
1.094765216112136841e-01
-3.050313703715801239e-02
-5.539516806602478027e-01
-8.728747814893722534e-02
2.673766911029815674e-01
1.082188412547111511e-01
2.699497342109680176e-01
-9.744931012392044067e-02
-1.934709846973419189e-01
-4.614447951316833496e-01
5.007201805710792542e-02
1.049689855426549911e-02
2.937379777431488037e-01
3.423321247100830078e-01
2.749593257904052734e-01
-1.816440373659133911e-01
5.805023908615112305e-01
-1.354552209377288818e-01
9.339734911918640137e-02
-1.085680648684501648e-01
-3.412499427795410156e-01
5.198336839675903320e-01
-6.596429347991943359e-01
-1.342214941978454590e-01
2.453418634831905365e-02
1.431643366813659668e-01
2.501029670238494873e-01
2.380022034049034119e-02
1.306667774915695190e-01
2.518654167652130127e-01
-4.986060261726379395e-01
1.723063141107559204e-01
-2.345633059740066528e-01
-3.499432280659675598e-02
1.195266693830490112e-01
4.729076474905014038e-02
-2.153387814760208130e-01
1.216319501399993896e-01
7.737700641155242920e-02
2.385694384574890137e-01
1.770897209644317627e-01
1.018125563859939575e-01
-5.469979643821716309e-01
1.535850316286087036e-01
-7.739459723234176636e-02
7.029644399881362915e-02
-7.294315099716186523e-02
-5.119519233703613281e-01
8.960081338882446289e-01
-2.343671023845672607e-01
1.810535229742527008e-02
1.959911584854125977e-01
-3.405158817768096924e-01
1.744322478771209717e-01
-3.341140151023864746e-01
9.238608181476593018e-02
-6.178474053740501404e-02
-4.642002880573272705e-01
7.480964064598083496e-01
1.587774008512496948e-01
1.746579259634017944e-01
-2.494301348924636841e-01
-6.544530391693115234e-02
4.221716821193695068e-01
2.618316188454627991e-02
4.956302791833877563e-02
-2.868472635746002197e-01
-6.270127370953559875e-03
7.491651177406311035e-02
3.748593926429748535e-01
-2.694602012634277344e-01
