0	7	2
0	24	1
0	35	2
0	49	2
0	53	1
0	113	2
0	146	1
0	148	2
1	20	1
1	21	2
1	41	2
1	51	2
1	71	1
1	78	1
1	87	2
1	103	1
1	119	1
1	129	2
1	132	1
2	6	2
2	7	1
2	10	2
2	36	2
2	42	1
2	92	2
2	96	2
2	125	2
2	139	2
2	144	1
3	4	1
3	28	2
3	31	2
3	40	1
3	54	2
3	60	2
3	67	1
3	88	1
3	111	1
3	123	1
3	148	1
4	19	1
4	30	1
4	39	1
4	60	1
4	78	1
4	81	2
4	121	1
4	123	2
4	126	2
4	137	1
4	145	2
5	19	1
5	21	2
5	36	2
5	42	1
5	55	1
5	61	2
5	79	2
5	100	1
5	118	1
6	12	2
6	41	2
6	55	2
6	60	2
6	64	2
6	74	1
6	119	1
6	129	1
6	136	2
6	145	2
6	149	1
7	30	2
7	32	2
7	38	2
7	40	2
7	77	2
7	85	1
7	109	1
7	115	2
7	122	2
7	123	1
7	127	1
7	132	1
7	145	1
8	3	1
8	28	2
8	33	2
8	40	2
8	50	1
8	64	1
8	65	2
8	83	1
8	96	1
8	103	1
8	108	2
8	110	1
8	144	2
8	148	1
9	38	2
9	53	2
9	78	1
9	117	1
9	123	2
10	43	2
10	45	1
10	54	1
10	75	1
10	109	1
10	127	2
10	147	2
11	1	1
11	35	1
11	37	2
11	61	2
11	102	2
11	110	1
11	133	1
11	139	1
12	6	1
12	35	2
12	64	2
12	88	1
12	107	1
12	114	2
12	116	1
12	134	2
13	1	1
13	2	2
13	5	2
13	34	1
13	62	1
13	64	2
13	125	2
13	129	2
13	146	2
14	1	1
14	50	1
14	71	1
14	80	1
14	99	2
14	120	2
15	47	2
15	55	1
15	58	1
15	73	1
15	74	1
15	86	2
15	138	1
16	1	1
16	32	1
16	52	1
16	67	2
16	98	1
16	145	1
16	147	1
17	3	2
17	55	1
17	62	1
17	80	1
17	89	1
17	102	2
17	108	1
18	1	1
18	15	2
18	17	1
18	22	1
18	24	2
18	26	1
18	36	2
18	44	2
18	76	1
18	84	1
18	86	2
18	122	2
18	127	2
19	13	2
19	60	2
19	62	2
19	77	2
19	92	1
19	127	1
19	140	2
19	142	2
19	143	1
20	100	2
20	103	1
20	144	1
21	9	1
21	18	2
21	41	2
21	54	2
21	57	1
21	67	2
22	10	2
22	33	1
22	40	1
22	67	2
22	94	2
22	101	2
22	111	2
23	37	2
23	50	1
23	52	2
23	53	2
23	58	2
23	78	2
23	111	1
23	140	1
23	142	2
24	9	2
24	29	2
24	59	1
24	81	2
24	94	1
24	108	1
24	131	2
24	149	2
25	7	2
25	16	2
25	68	1
25	96	1
25	110	1
25	121	1
25	143	2
26	44	2
26	50	2
26	53	2
26	66	1
26	78	1
26	83	1
26	91	2
26	93	2
26	123	1
26	131	2
27	1	1
27	80	1
27	88	2
27	91	1
27	111	2
27	129	1
28	3	2
28	23	1
28	27	2
28	45	2
28	88	1
28	97	1
28	102	2
28	121	1
28	122	2
29	10	2
29	47	2
29	74	1
29	83	1
29	122	1
29	126	1
30	7	2
30	31	1
30	34	2
30	59	2
30	114	1
30	117	1
30	133	1
30	145	2
31	1	2
31	2	2
31	8	2
31	14	2
31	44	2
31	130	2
32	11	1
32	23	1
32	26	2
32	30	1
32	32	1
32	37	2
32	62	1
32	73	1
32	90	2
32	138	1
33	25	2
33	45	2
33	46	1
33	128	1
34	13	1
34	14	2
34	19	1
34	25	1
34	44	2
34	46	1
34	60	2
34	71	2
34	99	2
34	102	2
34	128	2
34	148	2
35	25	1
35	27	2
35	40	1
35	41	2
35	56	2
35	66	1
35	68	2
35	74	2
35	113	1
35	118	1
35	120	1
36	0	1
36	10	2
36	52	2
36	135	1
36	138	2
37	28	2
37	44	1
37	104	2
37	138	2
38	11	1
38	47	1
38	59	1
38	105	1
38	117	2
38	147	1
39	0	2
39	12	2
39	29	2
39	56	1
39	63	1
39	67	2
39	113	2
39	126	2
39	132	1
39	135	2
39	136	1
39	142	2
40	33	2
40	36	1
40	39	1
40	42	2
40	110	2
40	124	1
40	126	2
40	137	2
41	8	2
41	31	1
41	72	2
41	85	1
41	97	2
41	110	2
42	0	2
42	27	2
42	31	2
42	36	1
42	39	2
42	71	2
42	89	1
42	113	2
42	120	1
42	126	1
43	17	2
43	68	2
43	97	1
43	101	1
43	108	1
43	114	1
43	140	1
44	53	2
44	55	2
44	64	2
44	83	1
44	111	2
45	6	1
45	10	1
45	11	2
45	12	1
45	128	2
46	1	1
46	11	1
46	69	2
46	74	2
46	81	2
46	88	1
46	89	2
46	90	1
46	94	2
46	130	2
46	133	1
47	37	1
47	44	2
47	51	2
47	63	2
47	77	2
47	96	1
47	100	1
47	104	2
48	14	1
48	18	1
48	28	1
48	76	2
48	77	1
48	91	2
48	94	1
48	97	2
48	122	2
48	128	2
48	133	1
49	13	2
49	27	1
49	61	1
49	92	1
49	100	1
49	105	1
49	114	2
49	135	2
50	16	1
50	47	1
50	97	1
50	100	2
50	149	2
51	12	2
51	17	1
51	30	2
51	49	2
51	51	1
51	60	2
51	97	2
51	99	1
51	109	1
52	0	2
52	36	2
52	69	1
52	126	1
52	132	2
53	64	1
53	75	1
53	89	1
53	108	1
53	118	2
53	125	1
54	29	2
54	83	2
54	98	1
54	109	2
54	125	2
54	126	1
54	133	1
54	134	1
54	137	1
54	139	2
55	27	1
55	66	2
55	130	2
56	7	2
56	20	1
56	61	2
56	76	2
56	127	2
56	139	1
57	0	2
57	35	1
57	51	1
57	67	2
57	78	2
57	139	2
58	28	2
58	36	2
58	38	2
58	52	1
58	96	1
58	106	2
58	107	2
58	130	2
59	25	1
59	45	2
59	65	2
59	73	1
59	99	2
59	105	1
59	107	1
59	116	1
59	131	2
60	56	2
60	66	2
60	96	2
60	121	1
60	132	1
61	34	2
61	68	1
61	102	1
61	107	1
62	13	2
62	17	1
62	36	1
62	40	1
62	41	1
62	53	2
62	68	2
62	91	1
62	112	1
62	142	1
63	4	2
63	8	2
63	11	1
63	23	1
63	37	2
63	45	2
63	54	1
63	77	2
63	79	1
63	96	2
64	11	2
64	17	2
64	19	1
64	21	2
64	72	1
64	81	1
64	97	1
64	135	1
64	144	1
65	25	1
65	31	2
65	38	2
65	53	2
65	68	1
65	70	1
65	100	1
65	102	2
65	119	1
65	130	1
65	143	1
66	0	1
66	7	1
66	13	2
66	17	2
66	25	1
66	50	2
66	56	2
66	57	1
66	72	2
66	83	1
66	109	1
66	110	2
67	10	2
67	28	1
67	32	2
67	33	1
67	47	2
67	53	2
67	81	2
67	100	2
67	140	2
68	3	1
68	20	1
68	31	1
68	37	1
68	38	2
68	51	1
68	58	2
68	63	1
68	96	2
68	107	1
68	120	2
68	129	2
68	137	2
68	140	2
68	147	2
69	20	2
69	44	2
69	48	2
69	88	2
69	105	1
69	113	2
69	119	2
69	137	2
70	65	2
70	74	1
70	91	1
70	93	1
70	96	2
70	104	2
70	136	1
71	0	2
71	4	2
71	13	1
71	22	2
71	24	1
71	26	1
71	49	1
71	54	1
71	74	1
71	128	1
71	131	1
71	135	2
71	142	1
72	59	1
72	68	2
72	85	2
72	103	2
72	104	1
72	128	2
73	6	2
73	28	1
73	78	1
73	115	2
73	118	1
73	133	2
74	4	2
74	72	1
74	100	2
75	40	1
75	44	1
75	51	2
75	57	1
75	58	2
75	83	1
75	107	1
76	17	2
76	68	2
76	108	2
76	113	1
77	6	2
77	9	2
77	20	2
77	26	2
77	34	1
77	72	2
77	77	1
77	87	2
77	99	2
77	111	2
77	114	1
77	120	1
77	131	1
77	138	1
78	30	1
78	34	1
78	48	1
78	51	2
78	73	2
78	85	2
78	100	2
78	142	2
78	148	1
79	12	2
79	25	1
79	49	1
79	52	2
79	62	1
79	91	1
79	94	2
79	99	1
79	101	1
79	118	1
79	120	2
79	126	2
79	134	1
80	6	2
80	10	2
80	14	1
80	50	1
80	64	2
80	72	2
80	107	2
80	114	2
80	116	2
81	20	2
81	68	2
81	74	1
81	79	1
81	84	2
81	132	2
82	13	2
82	52	1
82	97	1
82	134	2
83	2	2
83	6	1
83	15	2
83	51	1
83	78	1
83	93	1
83	104	1
83	149	2
84	77	1
84	79	2
84	83	2
84	85	2
84	99	1
84	107	1
84	145	1
85	12	2
85	15	1
85	16	1
85	52	1
85	54	1
85	74	1
85	115	2
85	132	1
85	135	1
86	58	2
86	78	2
86	79	1
86	97	1
86	120	2
86	132	2
87	4	1
87	26	1
87	66	1
87	122	2
88	0	1
88	3	2
88	19	2
88	21	1
88	75	1
88	106	1
88	119	2
88	124	2
88	146	2
88	148	2
89	4	1
89	39	2
89	43	1
89	44	2
89	46	2
89	48	2
89	76	1
89	111	1
89	126	1
89	134	2
90	41	1
90	59	2
90	63	1
90	93	2
90	104	1
90	118	1
90	137	2
91	5	1
91	7	2
91	16	2
91	19	2
91	36	2
91	42	1
91	67	1
91	69	2
91	70	1
91	74	2
91	81	2
91	95	1
91	99	1
91	114	2
92	7	2
92	60	1
92	66	1
92	83	2
92	92	1
92	95	1
92	112	2
92	122	2
92	131	1
93	13	2
93	18	2
93	26	2
93	38	2
93	50	1
93	58	1
93	62	1
93	77	1
93	78	1
93	149	2
94	21	2
94	49	2
94	65	1
94	70	2
94	81	2
94	103	1
95	1	2
95	2	1
95	4	1
95	5	1
95	18	2
95	33	1
95	46	1
95	58	2
95	62	2
95	79	2
95	94	2
95	108	1
95	112	2
95	121	2
96	4	2
96	5	1
96	11	2
96	51	1
96	75	1
96	106	2
96	113	1
96	118	2
96	120	2
96	123	2
96	125	2
97	7	1
97	43	2
97	50	2
97	58	2
97	68	1
97	96	1
97	104	1
97	129	1
97	147	2
97	148	1
98	2	2
98	9	2
98	14	1
98	15	2
98	17	1
98	40	2
98	45	2
98	105	2
98	135	2
99	9	1
99	43	2
99	64	2
99	85	1
99	86	2
99	90	1
99	97	1
99	99	1
99	132	1
100	38	2
100	80	1
100	118	1
100	128	2
102	3	2
102	31	1
102	36	2
102	90	2
102	107	1
102	110	1
102	111	1
102	112	1
102	116	2
102	121	2
103	17	2
103	25	1
103	37	2
103	49	2
103	57	1
103	106	2
103	108	2
103	115	1
103	130	1
104	58	2
104	67	2
104	81	1
104	94	1
104	121	2
104	125	2
105	108	1
105	109	2
105	110	1
105	113	2
105	128	1
105	148	2
106	3	2
106	6	2
106	26	1
106	31	1
106	42	2
106	66	2
106	120	1
106	121	2
106	149	2
107	3	1
107	40	1
107	46	2
107	61	2
107	89	1
107	90	2
107	105	1
107	109	1
108	36	1
108	76	1
108	81	2
108	87	2
108	94	1
108	98	2
109	7	1
109	8	1
109	30	2
109	45	1
109	48	1
109	56	2
109	66	2
109	92	2
109	105	1
109	114	1
109	135	2
109	139	1
110	3	1
110	25	1
110	29	2
110	31	2
110	38	2
110	47	2
110	68	1
110	78	2
110	124	2
110	142	2
110	146	2
111	20	2
111	25	2
111	38	2
111	47	1
111	59	2
111	85	1
111	94	1
111	114	2
111	138	1
112	14	1
112	18	2
112	53	2
112	63	2
112	71	1
112	94	1
112	112	1
112	129	1
112	132	1
112	135	2
113	33	2
113	125	1
114	43	2
114	63	2
114	84	2
114	89	2
114	104	2
114	118	2
115	8	2
115	33	2
115	88	2
115	93	2
115	123	2
115	142	1
116	34	2
116	38	2
116	44	1
116	61	1
116	109	2
116	129	1
117	19	2
117	46	1
117	74	1
117	97	2
117	139	1
118	9	2
118	18	2
118	19	2
118	42	2
118	43	1
118	47	2
118	65	2
118	93	1
118	95	2
118	101	1
118	109	2
118	131	2
119	0	1
119	47	1
119	48	1
119	72	1
119	101	1
120	8	2
120	35	1
120	60	2
120	88	2
120	101	2
120	127	2
120	149	2
121	6	2
121	9	2
121	36	1
121	51	1
121	52	1
121	56	2
121	57	1
121	58	1
121	87	1
121	96	1
121	105	1
121	106	2
121	110	1
121	137	1
122	79	1
122	116	1
123	6	2
123	13	2
123	70	1
123	82	2
123	123	2
123	141	1
124	7	1
124	13	2
124	21	1
124	69	2
124	97	1
124	108	1
124	127	1
124	147	1
125	12	1
125	25	1
125	83	1
125	117	2
125	142	1
125	146	1
126	0	2
126	12	1
126	20	1
126	39	1
126	47	2
126	54	1
126	65	1
126	78	1
126	111	2
126	115	2
127	0	1
127	96	1
127	106	2
127	135	2
127	148	2
128	28	2
128	40	1
128	45	2
128	59	1
128	76	1
128	105	1
128	126	2
128	141	2
129	25	2
129	49	1
129	58	1
129	64	2
129	65	2
129	70	1
129	74	1
129	91	1
129	128	2
129	129	2
130	2	1
130	9	2
130	10	2
130	28	1
130	55	2
130	66	1
130	108	1
130	109	1
130	149	2
131	102	2
131	108	2
132	2	1
132	5	2
132	13	1
132	15	1
132	43	2
132	90	1
132	98	2
132	124	1
132	135	1
132	143	2
133	9	1
133	22	1
133	95	1
133	101	2
133	105	2
134	23	1
134	43	2
134	58	2
134	95	1
134	98	1
134	102	2
134	113	1
135	27	2
135	30	2
135	36	1
135	45	2
135	63	1
135	121	1
135	125	1
135	133	2
136	7	2
136	10	2
136	29	1
136	85	2
136	114	2
136	141	2
137	84	2
137	133	2
137	136	2
138	14	2
138	20	1
138	25	2
138	26	2
138	31	1
138	33	1
138	39	2
138	41	1
138	124	2
138	128	2
138	141	1
139	7	2
139	13	1
139	41	2
139	69	2
139	74	1
139	87	2
139	89	1
139	115	1
139	139	2
140	28	2
140	37	2
140	45	1
140	49	1
140	72	1
140	95	1
140	127	1
140	130	1
140	145	1
141	15	2
141	16	1
141	43	1
141	46	1
141	66	1
141	90	1
141	101	2
141	104	1
141	132	1
142	61	1
142	68	2
142	90	2
143	18	1
143	20	1
143	25	1
143	46	1
143	77	2
143	102	1
143	130	1
143	139	1
143	146	1
144	13	1
144	24	1
144	53	2
144	79	2
144	89	2
144	99	1
144	105	1
144	125	1
145	14	2
145	29	1
145	45	1
145	62	1
145	72	2
145	79	2
146	24	1
146	38	2
146	59	2
146	77	2
146	81	2
147	6	2
147	53	2
147	69	2
147	96	2
147	120	1
147	125	1
147	132	1
147	137	1
148	12	2
148	15	1
148	22	2
148	119	2
149	35	1
149	37	2
149	42	2
149	49	2
149	60	1
149	137	1
149	140	2
149	147	1
