0	30	2
0	36	1
0	76	1
0	78	2
0	101	1
0	105	2
0	125	2
0	143	2
1	3	2
1	50	2
1	94	2
1	100	2
1	105	2
1	114	1
1	128	1
1	131	1
1	135	1
1	140	1
1	147	1
2	0	2
2	2	1
2	6	2
2	20	2
2	34	2
2	48	2
2	61	2
2	97	1
2	126	2
2	130	1
3	5	1
3	8	2
3	9	2
3	12	1
3	25	1
3	41	2
3	59	1
3	68	1
3	80	1
3	96	1
3	137	2
4	7	2
4	8	1
4	20	1
4	40	1
4	49	2
4	51	1
4	61	1
4	65	1
4	69	2
4	123	1
4	148	2
5	6	1
5	9	2
5	13	1
5	14	1
5	76	2
5	79	1
5	80	2
5	91	1
5	133	2
6	14	1
6	32	1
6	34	2
6	41	2
6	68	2
6	90	2
6	91	1
6	99	2
6	128	1
6	135	2
6	148	2
7	2	2
7	3	2
7	6	1
7	10	2
7	31	1
7	49	1
7	51	2
7	90	1
7	101	2
7	109	1
7	119	2
7	120	1
7	145	2
8	10	2
8	23	2
8	24	2
8	30	1
8	31	1
8	32	2
8	43	1
8	53	1
8	64	1
8	69	2
8	108	1
8	123	2
8	144	1
8	147	1
9	83	2
9	108	2
9	121	2
9	135	1
9	137	1
10	14	1
10	30	1
10	70	2
10	103	2
10	125	2
10	129	1
10	131	1
11	27	1
11	31	2
11	45	1
11	60	2
11	99	1
11	124	1
11	135	1
11	149	2
12	11	1
12	17	2
12	38	2
12	46	1
12	54	1
12	111	1
12	114	2
12	123	2
13	36	2
13	38	2
13	77	2
13	78	1
13	85	2
13	94	1
13	106	2
13	108	1
13	142	2
14	10	2
14	20	1
14	50	1
14	53	2
14	58	1
14	105	1
15	7	1
15	43	1
15	62	1
15	107	1
15	127	2
15	132	1
15	137	2
16	2	1
16	11	1
16	25	1
16	29	1
16	114	1
16	133	1
16	141	2
17	20	1
17	48	1
17	92	1
17	106	1
17	120	2
17	126	2
17	149	1
18	3	1
18	6	2
18	8	2
18	19	1
18	22	1
18	28	2
18	64	1
18	65	2
18	100	2
18	102	1
18	108	2
18	110	2
18	115	1
19	0	2
19	3	1
19	11	1
19	38	1
19	44	2
19	46	2
19	113	2
19	120	2
19	124	2
20	70	1
20	91	1
20	113	2
21	1	2
21	33	2
21	37	1
21	59	1
21	97	2
21	104	2
22	10	2
22	11	2
22	28	2
22	105	1
22	127	2
22	129	1
22	133	2
23	17	1
23	26	2
23	33	2
23	51	1
23	63	2
23	66	1
23	97	2
23	128	2
23	132	2
24	57	1
24	72	2
24	74	1
24	81	2
24	85	2
24	90	2
24	109	1
24	118	2
25	44	2
25	52	1
25	89	1
25	126	2
25	133	2
25	138	1
25	142	1
26	58	1
26	60	1
26	74	1
26	88	2
26	96	1
26	108	2
26	119	2
26	130	2
26	135	2
26	142	2
27	23	1
27	25	2
27	26	2
27	53	1
27	78	1
27	141	1
28	9	2
28	13	1
28	14	1
28	58	1
28	79	2
28	102	2
28	107	2
28	109	1
28	132	2
29	0	1
29	1	2
29	5	1
29	33	2
29	117	1
29	122	1
30	3	1
30	14	2
30	26	1
30	27	2
30	78	2
30	102	2
30	124	1
30	128	1
31	24	2
31	37	2
31	99	2
31	125	2
31	138	2
31	141	2
32	4	1
32	7	1
32	13	2
32	37	2
32	72	1
32	83	2
32	95	1
32	103	1
32	127	1
32	131	1
33	58	2
33	65	1
33	68	2
33	98	1
34	7	1
34	28	1
34	35	1
34	43	2
34	72	2
34	79	2
34	88	2
34	94	2
34	100	2
34	131	2
34	138	2
34	139	1
35	10	1
35	44	1
35	54	1
35	66	2
35	88	2
35	111	2
35	114	1
35	118	2
35	123	1
35	135	2
35	145	1
36	2	2
36	40	1
36	94	1
36	97	2
36	134	2
37	1	2
37	29	2
37	64	2
37	147	1
38	4	1
38	58	1
38	61	1
38	73	2
38	118	1
38	140	1
39	14	2
39	31	1
39	36	2
39	41	1
39	46	2
39	51	2
39	72	2
39	88	2
39	90	1
39	128	2
39	139	2
39	142	1
40	0	2
40	7	2
40	29	1
40	37	2
40	60	1
40	68	2
40	100	1
40	133	2
41	0	2
41	12	2
41	84	2
41	121	1
41	124	2
41	140	1
42	24	2
42	56	1
42	67	2
42	74	2
42	78	1
42	93	2
42	122	1
42	134	2
42	139	1
42	149	2
43	7	1
43	8	1
43	10	2
43	41	1
43	53	1
43	80	2
43	117	1
44	18	1
44	47	2
44	78	2
44	90	2
44	97	2
45	18	1
45	50	2
45	75	1
45	107	2
45	139	1
46	5	2
46	15	1
46	30	2
46	35	1
46	47	2
46	50	2
46	86	1
46	94	2
46	105	2
46	114	1
46	123	1
47	0	1
47	25	2
47	54	2
47	101	2
47	105	1
47	113	1
47	114	2
47	142	2
48	18	1
48	19	2
48	29	1
48	47	1
48	51	2
48	66	2
48	81	1
48	83	1
48	112	2
48	115	2
48	128	1
49	37	2
49	43	2
49	46	2
49	61	1
49	67	1
49	97	1
49	100	1
49	130	1
50	13	1
50	20	2
50	81	1
50	105	1
50	122	2
51	4	1
51	7	2
51	17	2
51	26	2
51	79	1
51	90	2
51	104	2
51	124	1
51	134	1
52	12	2
52	31	2
52	39	2
52	59	1
52	122	1
53	42	1
53	47	1
53	51	2
53	53	1
53	59	1
53	64	1
54	9	1
54	12	2
54	28	1
54	60	1
54	67	2
54	87	1
54	101	2
54	106	1
54	121	2
54	126	2
55	26	2
55	29	2
55	95	1
56	26	2
56	36	2
56	50	2
56	68	1
56	72	1
56	116	2
57	18	2
57	50	2
57	56	1
57	79	2
57	111	1
57	127	2
58	25	1
58	36	2
58	74	2
58	77	1
58	99	2
58	111	2
58	120	2
58	137	2
59	21	1
59	44	1
59	68	2
59	88	1
59	94	2
59	96	1
59	125	2
59	127	1
59	129	2
60	37	1
60	44	2
60	62	1
60	73	2
60	79	2
61	33	1
61	79	1
61	109	2
61	118	1
62	13	2
62	35	1
62	49	1
62	71	1
62	74	1
62	92	1
62	97	1
62	114	1
62	129	2
62	131	2
63	8	2
63	49	1
63	59	1
63	61	1
63	65	2
63	77	2
63	94	2
63	110	2
63	112	2
63	136	1
64	19	1
64	26	1
64	60	2
64	65	1
64	74	2
64	75	1
64	112	1
64	113	1
64	130	2
65	13	2
65	15	1
65	17	1
65	38	1
65	40	1
65	49	1
65	70	2
65	79	2
65	93	1
65	96	2
65	105	1
66	1	1
66	25	2
66	36	1
66	51	1
66	53	2
66	60	1
66	89	2
66	96	2
66	102	2
66	116	2
66	120	1
66	125	1
67	3	1
67	4	2
67	5	2
67	7	1
67	66	2
67	107	2
67	125	2
67	130	2
67	148	2
68	0	2
68	7	1
68	13	2
68	25	1
68	34	1
68	43	1
68	45	1
68	56	2
68	58	2
68	65	1
68	74	2
68	75	2
68	94	2
68	97	2
68	114	1
69	20	2
69	21	2
69	48	2
69	99	2
69	106	2
69	109	2
69	130	2
69	148	1
70	22	1
70	55	1
70	76	2
70	89	1
70	96	1
70	131	2
70	148	2
71	1	1
71	6	1
71	7	1
71	8	1
71	38	2
71	39	1
71	40	1
71	58	1
71	79	1
71	108	1
71	128	2
71	139	2
71	143	2
72	37	2
72	68	1
72	69	2
72	96	2
72	99	2
72	149	1
73	47	2
73	50	1
73	77	1
73	83	1
73	132	2
73	145	2
74	25	2
74	66	1
74	119	2
75	81	2
75	105	1
75	121	1
75	129	1
75	133	1
75	146	1
75	149	2
76	45	2
76	66	2
76	78	2
76	138	1
77	11	1
77	15	2
77	21	2
77	26	1
77	63	1
77	69	1
77	87	2
77	93	2
77	95	1
77	104	2
77	120	1
77	136	2
77	137	2
77	148	2
78	13	1
78	21	1
78	31	2
78	41	2
78	73	2
78	74	2
78	77	2
78	97	1
78	102	1
79	4	2
79	30	1
79	38	2
79	39	1
79	41	1
79	65	2
79	77	2
79	86	2
79	97	1
79	108	1
79	115	1
79	132	1
79	147	1
80	1	1
80	12	2
80	24	2
80	31	2
80	36	2
80	40	2
80	64	2
80	116	2
80	144	1
81	94	2
81	98	2
81	104	1
81	126	2
81	137	2
81	145	1
82	2	1
82	17	2
82	125	2
82	143	1
83	6	1
83	11	1
83	60	1
83	96	2
83	108	2
83	130	2
83	136	1
83	146	1
84	15	2
84	16	1
84	31	1
84	52	1
84	111	2
84	122	2
84	142	1
85	16	2
85	38	1
85	42	1
85	55	1
85	96	2
85	121	1
85	135	1
85	146	1
85	147	1
86	39	2
86	71	2
86	96	2
86	101	1
86	120	2
86	122	1
87	0	1
87	36	1
87	52	2
87	64	1
88	11	2
88	21	2
88	29	2
88	38	2
88	40	1
88	45	2
88	46	1
88	51	1
88	81	1
88	140	2
89	1	1
89	57	2
89	68	1
89	83	2
89	87	1
89	93	1
89	108	2
89	114	1
89	126	2
89	129	2
90	12	1
90	13	1
90	49	2
90	55	1
90	80	2
90	85	2
90	111	1
91	4	2
91	25	2
91	28	1
91	42	2
91	64	2
91	74	2
91	95	1
91	102	2
91	114	1
91	118	1
91	119	2
91	125	1
91	130	1
91	132	2
92	15	1
92	46	1
92	48	2
92	62	1
92	67	2
92	81	2
92	83	1
92	147	1
92	148	2
93	15	1
93	34	1
93	39	1
93	72	2
93	81	1
93	83	2
93	85	2
93	96	1
93	127	2
93	135	2
94	23	1
94	45	2
94	51	1
94	82	2
94	117	2
94	144	2
95	9	2
95	27	1
95	41	2
95	44	2
95	48	2
95	52	2
95	72	2
95	93	1
95	96	1
95	99	1
95	107	1
95	121	2
95	132	2
95	135	1
96	17	2
96	50	1
96	56	2
96	67	1
96	71	1
96	92	2
96	103	2
96	121	2
96	134	2
96	147	2
96	148	1
97	33	2
97	44	1
97	52	1
97	57	1
97	91	1
97	99	1
97	102	1
97	121	2
97	126	2
97	129	2
98	20	2
98	28	2
98	43	2
98	54	2
98	64	2
98	68	2
98	99	1
98	111	1
98	137	2
99	6	1
99	27	1
99	32	1
99	67	2
99	92	2
99	104	2
99	127	1
99	136	1
99	142	1
100	36	2
100	51	1
100	94	1
100	113	2
102	10	1
102	23	2
102	52	1
102	89	2
102	105	1
102	113	2
102	126	1
102	132	1
102	139	2
102	149	2
103	2	1
103	3	1
103	13	2
103	40	2
103	47	1
103	58	2
103	63	1
103	115	2
103	146	2
104	37	2
104	38	1
104	53	2
104	101	1
104	110	2
104	135	2
105	62	1
105	63	2
105	98	1
105	104	2
105	148	2
105	149	1
106	28	1
106	34	2
106	45	2
106	63	1
106	84	2
106	110	2
106	127	2
106	128	2
106	145	1
107	3	1
107	18	2
107	35	1
107	41	1
107	44	2
107	54	1
107	62	1
107	90	2
108	0	1
108	6	2
108	58	2
108	78	2
108	108	1
108	144	1
109	0	1
109	17	1
109	30	1
109	40	1
109	45	1
109	46	2
109	64	2
109	75	2
109	77	1
109	120	1
109	133	2
109	135	2
110	1	1
110	13	2
110	34	2
110	35	2
110	40	2
110	46	2
110	59	2
110	60	1
110	118	1
110	123	2
110	132	2
111	19	2
111	33	1
111	42	2
111	49	2
111	76	2
111	102	2
111	103	1
111	107	1
111	137	1
112	12	1
112	14	1
112	39	2
112	49	2
112	53	2
112	59	1
112	63	1
112	83	2
112	95	1
112	107	1
113	9	2
113	110	1
114	27	2
114	28	2
114	89	2
114	91	2
114	100	2
114	109	2
115	17	2
115	24	2
115	31	2
115	32	2
115	44	1
115	109	2
116	81	2
116	89	1
116	107	1
116	108	2
116	139	1
116	142	2
117	18	2
117	20	1
117	74	1
117	88	1
117	132	2
118	1	2
118	6	2
118	9	2
118	25	1
118	30	2
118	43	2
118	47	2
118	69	2
118	74	2
118	85	1
118	96	2
118	113	1
119	4	1
119	13	1
119	42	1
119	77	1
119	78	1
120	10	2
120	15	2
120	20	2
120	76	1
120	115	2
120	119	2
120	145	2
121	14	1
121	27	2
121	33	2
121	37	2
121	42	1
121	57	2
121	71	1
121	83	1
121	87	1
121	101	1
121	104	1
121	112	1
121	117	1
121	146	1
122	70	1
122	123	1
123	12	2
123	59	2
123	66	1
123	89	2
123	95	2
123	132	1
124	0	1
124	16	1
124	25	1
124	62	2
124	67	1
124	91	2
124	98	1
124	131	1
125	21	1
125	42	1
125	45	1
125	85	1
125	109	2
125	113	1
126	36	2
126	61	2
126	62	1
126	97	1
126	111	1
126	115	2
126	128	1
126	132	2
126	140	1
126	141	1
127	36	2
127	40	1
127	88	1
127	108	2
127	110	2
128	7	2
128	54	1
128	66	2
128	78	1
128	85	2
128	87	1
128	125	2
128	140	1
129	12	1
129	16	1
129	45	1
129	68	2
129	74	1
129	78	2
129	110	2
129	112	2
129	118	1
129	139	2
130	5	1
130	31	2
130	38	2
130	52	2
130	77	1
130	88	1
130	99	1
130	104	2
130	106	1
131	70	2
131	100	2
132	3	2
132	35	1
132	45	1
132	56	1
132	57	1
132	72	2
132	73	1
132	85	1
132	113	2
132	146	2
133	25	1
133	52	2
133	81	2
133	110	1
133	121	1
134	19	2
134	25	2
134	83	1
134	98	1
134	102	1
134	109	2
134	116	1
135	4	1
135	7	2
135	10	1
135	13	1
135	33	2
135	47	1
135	62	2
135	74	2
136	25	1
136	91	2
136	134	2
136	138	2
136	139	2
136	145	2
137	53	2
137	55	2
137	69	2
138	19	2
138	22	2
138	43	2
138	58	1
138	63	1
138	71	1
138	78	2
138	100	1
138	110	2
138	119	2
138	129	1
139	7	1
139	45	2
139	49	1
139	53	2
139	68	2
139	84	2
139	122	1
139	129	1
139	142	2
140	9	1
140	18	2
140	66	1
140	76	1
140	84	1
140	93	2
140	120	1
140	126	1
140	149	1
141	6	1
141	19	1
141	38	1
141	54	1
141	72	2
141	101	1
141	104	1
141	126	2
141	128	1
142	9	2
142	20	1
142	66	2
143	28	1
143	44	1
143	55	1
143	86	1
143	103	2
143	107	1
143	111	1
143	125	1
143	137	1
144	17	1
144	36	2
144	58	1
144	77	1
144	97	2
144	118	2
144	120	1
144	138	1
145	47	1
145	55	2
145	58	1
145	68	2
145	89	2
145	116	1
146	16	2
146	19	2
146	22	2
146	60	1
146	67	2
147	2	1
147	28	1
147	43	1
147	47	2
147	61	1
147	105	2
147	118	2
147	123	2
148	36	1
148	53	2
148	92	2
148	143	2
149	6	2
149	56	2
149	81	1
149	90	1
149	100	2
149	106	1
149	109	1
149	133	2
