0	13	2
0	22	2
0	78	1
0	100	1
0	106	2
0	123	1
0	128	2
0	133	2
1	7	1
1	15	2
1	36	2
1	49	1
1	53	1
1	61	2
1	68	1
1	107	1
1	109	2
1	123	2
1	149	1
2	1	2
2	42	1
2	44	1
2	59	2
2	90	2
2	97	2
2	107	1
2	119	2
2	122	2
2	135	2
3	7	1
3	42	1
3	56	1
3	74	2
3	97	2
3	111	1
3	132	2
3	135	1
3	137	2
3	140	1
3	141	1
4	2	1
4	6	2
4	40	1
4	70	2
4	74	2
4	77	1
4	81	1
4	89	1
4	126	1
4	139	1
4	145	2
5	9	2
5	37	1
5	43	2
5	45	2
5	83	2
5	105	1
5	115	1
5	126	1
5	145	1
6	7	2
6	13	2
6	28	1
6	44	2
6	60	2
6	63	2
6	85	1
6	97	2
6	125	1
6	128	1
6	148	2
7	5	2
7	8	1
7	9	1
7	12	2
7	32	2
7	40	2
7	45	1
7	46	1
7	95	1
7	101	2
7	123	2
7	129	2
7	144	1
8	0	2
8	30	2
8	32	2
8	47	1
8	49	2
8	78	1
8	90	1
8	96	1
8	98	1
8	110	1
8	111	1
8	128	2
8	137	2
8	143	1
9	3	1
9	41	2
9	50	1
9	52	2
9	142	2
10	5	2
10	13	1
10	31	1
10	64	1
10	70	1
10	73	2
10	107	2
11	11	1
11	29	1
11	57	2
11	62	2
11	83	1
11	129	1
11	132	1
11	134	2
12	49	1
12	53	1
12	55	2
12	78	2
12	79	2
12	109	1
12	113	2
12	142	1
13	6	1
13	9	2
13	25	1
13	47	2
13	58	2
13	81	2
13	92	1
13	125	2
13	137	2
14	29	1
14	67	2
14	78	1
14	86	1
14	89	1
14	98	2
15	8	1
15	24	1
15	36	1
15	55	2
15	116	1
15	122	1
15	125	2
16	45	1
16	67	2
16	74	1
16	90	1
16	107	1
16	110	1
16	131	1
17	24	1
17	44	2
17	76	1
17	79	1
17	101	2
17	115	1
17	134	1
18	28	1
18	31	2
18	37	1
18	39	1
18	47	2
18	72	2
18	77	2
18	93	2
18	110	2
18	118	1
18	127	1
18	135	2
18	136	1
19	24	2
19	40	2
19	45	2
19	56	2
19	68	1
19	74	1
19	77	2
19	89	1
19	141	2
20	30	2
20	44	1
20	100	1
21	103	2
21	108	1
21	109	1
21	122	2
21	129	2
21	142	2
22	19	2
22	35	2
22	40	2
22	56	1
22	71	2
22	100	2
22	108	1
23	12	2
23	40	2
23	63	1
23	65	1
23	68	2
23	79	2
23	96	1
23	100	2
23	130	2
24	18	2
24	65	1
24	69	1
24	108	1
24	113	2
24	126	2
24	132	2
24	135	2
25	1	1
25	12	2
25	14	2
25	52	1
25	109	2
25	110	1
25	124	1
26	11	1
26	30	1
26	43	2
26	61	2
26	62	2
26	70	2
26	78	2
26	86	2
26	105	1
26	125	1
27	12	1
27	26	1
27	36	2
27	37	1
27	120	2
27	139	1
28	38	2
28	39	1
28	51	1
28	56	1
28	68	2
28	95	2
28	97	2
28	106	1
28	147	2
29	23	1
29	43	2
29	64	1
29	83	1
29	91	2
29	139	1
30	4	1
30	18	2
30	48	1
30	60	1
30	65	1
30	89	2
30	140	2
30	143	2
31	60	2
31	64	2
31	66	2
31	74	2
31	105	2
31	126	2
32	25	2
32	30	1
32	59	1
32	62	2
32	64	1
32	70	1
32	77	2
32	100	1
32	102	1
32	133	1
33	2	2
33	10	1
33	36	2
33	90	1
34	5	2
34	13	1
34	14	2
34	19	1
34	49	2
34	79	1
34	81	2
34	95	2
34	126	1
34	130	2
34	143	2
34	146	2
35	10	1
35	13	2
35	27	1
35	36	2
35	38	2
35	88	1
35	91	1
35	94	2
35	95	1
35	96	1
35	115	2
36	46	2
36	97	2
36	104	1
36	142	2
36	149	1
37	42	1
37	114	2
37	138	2
37	148	2
38	9	1
38	35	2
38	62	1
38	127	1
38	135	1
38	147	1
39	2	1
39	7	2
39	12	2
39	25	1
39	36	2
39	56	1
39	60	1
39	67	2
39	73	2
39	109	2
39	112	2
39	133	2
40	6	2
40	20	1
40	37	2
40	41	2
40	100	1
40	112	2
40	123	1
40	127	2
41	38	2
41	63	1
41	66	1
41	80	2
41	99	2
41	135	2
42	19	1
42	20	1
42	40	2
42	46	2
42	58	2
42	78	1
42	97	2
42	117	1
42	120	2
42	146	2
43	16	1
43	17	1
43	33	2
43	79	2
43	121	1
43	130	1
43	139	1
44	91	2
44	104	2
44	123	1
44	124	2
44	139	2
45	9	1
45	27	1
45	54	1
45	57	2
45	127	2
46	2	2
46	3	2
46	17	1
46	41	1
46	48	1
46	74	2
46	76	2
46	85	1
46	91	2
46	99	1
46	101	2
47	34	1
47	57	1
47	58	2
47	77	2
47	102	2
47	107	1
47	118	2
47	146	2
48	17	1
48	35	1
48	40	1
48	51	2
48	60	1
48	76	1
48	79	2
48	101	2
48	110	2
48	116	2
48	145	1
49	13	1
49	41	2
49	55	1
49	67	1
49	96	2
49	123	2
49	135	1
49	147	1
50	10	1
50	42	1
50	64	1
50	104	2
50	148	2
51	7	2
51	19	2
51	20	2
51	25	1
51	33	2
51	87	2
51	94	1
51	115	1
51	134	1
52	36	1
52	39	2
52	111	2
52	121	1
52	131	2
53	93	1
53	94	1
53	106	1
53	123	1
53	130	2
53	147	1
54	3	1
54	4	2
54	15	2
54	20	1
54	26	2
54	45	1
54	58	1
54	75	2
54	100	1
54	109	2
55	7	1
55	17	2
55	41	2
56	8	2
56	45	1
56	78	2
56	97	2
56	102	1
56	137	2
57	7	1
57	25	2
57	27	2
57	52	2
57	54	1
57	121	2
58	4	2
58	28	2
58	43	2
58	62	2
58	67	2
58	69	2
58	95	1
58	118	1
59	2	1
59	7	2
59	30	1
59	94	2
59	111	2
59	118	1
59	119	1
59	138	2
59	139	1
60	6	1
60	50	2
60	66	1
60	73	2
60	133	2
61	49	1
61	53	1
61	92	2
61	127	1
62	19	1
62	56	1
62	61	1
62	68	1
62	94	2
62	108	1
62	113	1
62	123	2
62	131	2
62	143	1
63	7	1
63	11	1
63	20	2
63	54	1
63	83	2
63	84	1
63	115	2
63	116	2
63	131	2
63	133	2
64	10	2
64	16	1
64	17	1
64	38	2
64	102	1
64	113	1
64	121	1
64	131	1
64	148	2
65	30	1
65	45	1
65	59	1
65	60	2
65	76	1
65	92	1
65	102	2
65	108	1
65	125	2
65	142	1
65	145	2
66	0	1
66	8	2
66	12	1
66	24	1
66	25	1
66	29	2
66	40	1
66	49	1
66	72	2
66	74	2
66	99	2
66	130	2
67	3	2
67	10	1
67	38	2
67	46	1
67	52	2
67	59	2
67	68	2
67	125	2
67	126	2
68	6	1
68	14	1
68	28	2
68	41	2
68	60	2
68	70	1
68	74	2
68	87	2
68	90	1
68	96	2
68	102	2
68	106	2
68	116	1
68	133	1
68	139	1
69	16	2
69	31	2
69	52	2
69	99	2
69	119	2
69	132	2
69	140	2
69	145	1
70	1	1
70	4	2
70	62	1
70	66	1
70	113	2
70	120	1
70	126	2
71	6	1
71	12	1
71	33	1
71	44	2
71	51	1
71	81	1
71	85	1
71	89	1
71	96	2
71	113	2
71	128	1
71	132	1
71	135	2
72	3	1
72	48	2
72	89	2
72	112	2
72	114	1
72	133	2
73	4	1
73	23	2
73	50	1
73	74	2
73	85	1
73	96	2
74	49	2
74	109	1
74	126	2
75	20	2
75	30	1
75	36	2
75	109	1
75	114	1
75	132	1
75	140	1
76	35	2
76	38	1
76	51	2
76	68	2
77	36	1
77	50	2
77	53	1
77	57	1
77	59	2
77	69	2
77	81	1
77	88	2
77	96	2
77	102	2
77	109	2
77	119	2
77	140	1
77	144	1
78	0	2
78	1	1
78	26	2
78	38	1
78	58	2
78	66	1
78	73	2
78	83	2
78	97	1
79	6	1
79	7	2
79	10	2
79	35	1
79	54	1
79	58	1
79	59	1
79	67	2
79	80	1
79	102	1
79	108	2
79	118	1
79	137	2
80	0	2
80	8	2
80	67	2
80	77	2
80	97	2
80	124	2
80	138	1
80	142	1
80	148	2
81	3	2
81	4	1
81	17	1
81	64	2
81	111	2
81	139	2
82	26	2
82	62	1
82	78	2
82	121	1
83	13	1
83	36	2
83	53	1
83	99	2
83	120	2
83	133	1
83	138	1
83	148	1
84	14	2
84	21	2
84	51	1
84	85	1
84	113	2
84	114	1
84	142	1
85	5	2
85	15	1
85	24	2
85	26	1
85	80	1
85	105	1
85	121	1
85	130	1
85	149	1
86	11	1
86	21	1
86	69	2
86	75	2
86	104	2
86	142	2
87	10	1
87	33	1
87	66	1
87	149	2
88	0	2
88	28	1
88	29	2
88	51	1
88	52	1
88	53	2
88	71	1
88	101	2
88	103	2
88	111	2
89	1	1
89	11	1
89	43	2
89	58	1
89	63	2
89	67	2
89	72	2
89	76	1
89	120	2
89	122	1
90	10	1
90	58	2
90	97	1
90	98	1
90	104	2
90	111	1
90	120	2
91	0	1
91	3	1
91	14	2
91	17	2
91	34	1
91	53	2
91	83	2
91	97	2
91	99	1
91	108	2
91	118	2
91	128	1
91	129	1
91	130	2
92	1	1
92	18	2
92	22	1
92	48	2
92	58	2
92	75	1
92	85	1
92	118	2
92	149	1
93	2	1
93	3	2
93	9	2
93	21	2
93	25	1
93	51	1
93	59	1
93	110	1
93	121	2
93	137	2
94	14	2
94	51	2
94	57	1
94	58	2
94	100	1
94	107	2
95	16	1
95	27	1
95	44	1
95	53	2
95	64	1
95	72	2
95	74	1
95	79	2
95	80	2
95	81	1
95	90	2
95	112	2
95	120	2
95	129	2
96	1	1
96	4	2
96	13	2
96	20	2
96	25	1
96	39	1
96	47	2
96	105	2
96	108	1
96	114	2
96	119	2
97	8	2
97	18	2
97	34	1
97	38	2
97	46	1
97	68	1
97	93	1
97	120	1
97	132	2
97	148	1
98	31	2
98	35	2
98	50	2
98	66	2
98	74	1
98	94	2
98	105	2
98	112	2
98	116	1
99	6	1
99	9	1
99	22	2
99	44	1
99	88	1
99	90	1
99	114	2
99	129	1
99	137	2
100	50	1
100	76	2
100	134	1
100	135	2
102	10	2
102	11	1
102	38	1
102	47	1
102	68	1
102	81	2
102	101	2
102	127	1
102	128	2
102	140	2
103	3	2
103	20	1
103	28	2
103	32	2
103	46	1
103	47	1
103	51	2
103	60	1
103	125	2
104	27	2
104	36	2
104	38	2
104	65	1
104	86	2
104	144	1
105	13	1
105	20	1
105	63	1
105	71	2
105	77	2
105	101	2
106	29	1
106	34	2
106	40	2
106	47	2
106	87	2
106	91	2
106	96	1
106	122	1
106	127	2
107	6	2
107	7	1
107	54	1
107	87	1
107	90	2
107	106	1
107	110	2
107	145	1
108	16	1
108	72	2
108	83	2
108	89	1
108	96	2
108	107	1
109	15	1
109	18	1
109	23	2
109	49	2
109	52	2
109	68	1
109	78	2
109	79	2
109	83	1
109	103	1
109	108	1
109	132	1
110	25	1
110	31	1
110	37	2
110	45	1
110	46	2
110	49	2
110	50	2
110	81	2
110	129	2
110	146	2
110	147	2
111	51	2
111	63	2
111	78	2
111	83	1
111	114	2
111	125	1
111	131	1
111	132	2
111	136	1
112	7	1
112	26	2
112	61	1
112	66	2
112	68	1
112	94	1
112	105	2
112	118	1
112	121	2
112	124	1
113	22	1
113	110	2
114	15	2
114	77	2
114	84	2
114	108	2
114	134	2
114	137	2
115	21	2
115	62	2
115	65	1
115	72	2
115	84	2
115	105	2
116	11	1
116	13	2
116	58	1
116	101	2
116	145	2
116	146	1
117	21	1
117	65	1
117	85	2
117	99	2
117	144	1
118	0	2
118	13	1
118	20	2
118	33	2
118	36	2
118	39	1
118	47	2
118	48	2
118	53	1
118	59	2
118	113	2
118	128	2
119	53	1
119	88	1
119	94	1
119	117	1
119	128	1
120	9	2
120	13	1
120	47	2
120	81	2
120	102	2
120	103	2
120	105	2
121	55	1
121	61	2
121	64	1
121	83	2
121	92	1
121	96	1
121	104	2
121	108	1
121	110	1
121	111	1
121	128	1
121	130	1
121	141	1
121	148	2
122	74	1
122	138	1
123	6	1
123	39	2
123	58	2
123	82	1
123	88	2
123	136	2
124	7	1
124	18	2
124	31	1
124	43	2
124	63	1
124	99	1
124	104	1
124	119	1
125	9	1
125	21	1
125	32	1
125	97	2
125	117	1
125	141	1
126	26	2
126	38	1
126	43	1
126	96	1
126	107	1
126	115	2
126	124	1
126	127	1
126	129	2
126	132	2
127	5	2
127	45	2
127	53	1
127	84	1
127	122	2
128	14	2
128	25	1
128	43	1
128	72	2
128	88	1
128	91	1
128	94	2
128	135	2
129	0	2
129	33	1
129	34	1
129	37	1
129	75	2
129	89	2
129	92	2
129	93	2
129	120	1
129	147	1
130	0	2
130	36	2
130	68	1
130	88	2
130	103	1
130	114	2
130	136	1
130	148	1
130	149	1
131	6	2
131	105	2
132	12	1
132	25	1
132	34	2
132	37	2
132	44	2
132	52	2
132	61	1
132	66	1
132	69	1
132	99	1
133	31	1
133	41	1
133	44	1
133	98	2
133	114	2
134	0	2
134	17	1
134	28	1
134	85	1
134	94	2
134	122	2
134	138	1
135	1	1
135	27	2
135	33	2
135	42	1
135	43	1
135	54	2
135	65	2
135	81	1
136	12	2
136	19	1
136	74	2
136	78	2
136	114	2
136	135	2
137	44	2
137	71	2
137	100	2
138	0	2
138	28	2
138	41	2
138	55	1
138	60	1
138	77	2
138	95	1
138	104	1
138	125	1
138	131	2
138	149	2
139	4	1
139	29	1
139	64	1
139	72	2
139	77	2
139	78	2
139	87	2
139	125	1
139	146	2
140	15	1
140	25	1
140	33	2
140	37	1
140	42	1
140	88	2
140	93	1
140	129	1
140	142	1
141	31	1
141	37	2
141	47	1
141	55	1
141	69	1
141	79	1
141	106	2
141	117	1
141	149	1
142	98	2
142	118	1
142	147	2
143	19	1
143	25	1
143	26	2
143	45	1
143	54	1
143	66	1
143	104	1
143	108	1
143	111	1
144	28	2
144	31	1
144	61	2
144	99	1
144	105	1
144	107	2
144	126	1
144	139	1
145	18	1
145	28	1
145	45	2
145	93	2
145	121	1
145	137	2
146	13	1
146	15	2
146	19	2
146	40	2
146	132	2
147	25	2
147	31	2
147	72	1
147	109	1
147	120	1
147	126	2
147	128	2
147	132	1
148	2	1
148	17	2
148	23	2
148	46	2
149	1	1
149	14	1
149	42	2
149	50	2
149	71	1
149	91	1
149	96	2
149	113	2
