2.696010172367095947e-01
3.662807047367095947e-01
4.135742187500000000e-01
4.542410671710968018e-01
4.680524468421936035e-01
5.087193250656127930e-01
5.277622938156127930e-01
5.112304687500000000e-01
5.410853624343872070e-01
5.577567219734191895e-01
5.621512532234191895e-01
5.973075032234191895e-01
5.995396375656127930e-01
6.201869249343872070e-01
6.217913031578063965e-01
6.464146375656127930e-01
6.457170844078063965e-01
6.691545844078063965e-01
6.674804687500000000e-01
6.766182780265808105e-01
6.943359375000000000e-01
7.025669813156127930e-01
7.170061469078063965e-01
7.253069281578063965e-01
7.313755750656127930e-01
7.418387532234191895e-01
7.347935438156127930e-01
7.539062500000000000e-01
7.631835937500000000e-01
7.682059407234191895e-01
7.749023437500000000e-01
7.800641655921936035e-01
7.856445312500000000e-01
7.817382812500000000e-01
7.832031250000000000e-01
8.051757812500000000e-01
8.182896375656127930e-01
8.218470811843872070e-01
8.173828125000000000e-01
8.219168782234191895e-01
8.136160969734191895e-01
8.183593750000000000e-01
8.365653157234191895e-01
8.414481282234191895e-01
8.380998969078063965e-01
8.473075032234191895e-01
8.514229655265808105e-01
8.531668782234191895e-01
8.619559407234191895e-01
8.644670844078063965e-01
8.661412000656127930e-01
8.625836968421936035e-01
8.683733344078063965e-01
8.632812500000000000e-01
8.621651530265808105e-01
8.699776530265808105e-01
8.754185438156127930e-01
8.698381781578063965e-01
8.653739094734191895e-01
8.758370280265808105e-01
8.755580186843872070e-01
8.702567219734191895e-01
8.849051594734191895e-01
8.856026530265808105e-01
8.862304687500000000e-01
8.800223469734191895e-01
8.798130750656127930e-01
8.835797905921936035e-01
8.740931749343872070e-01
8.837193250656127930e-01
8.850446343421936035e-01
8.791155219078063965e-01
8.799525499343872070e-01
8.876255750656127930e-01
8.589564561843872070e-01
8.818359375000000000e-01
8.768833875656127930e-01
8.856724500656127930e-01
8.808593750000000000e-01
8.793247938156127930e-01
8.752092719078063965e-01
8.716517686843872070e-01
8.809989094734191895e-01
8.683035969734191895e-01
8.750000000000000000e-01
8.736746907234191895e-01
8.803710937500000000e-01
8.798828125000000000e-01
8.737444281578063965e-01
8.764648437500000000e-01
8.768135905265808105e-01
8.660016655921936035e-01
8.500976562500000000e-01
8.592354655265808105e-01
8.598632812500000000e-01
8.600725531578063965e-01
8.593750000000000000e-01
8.636997938156127930e-01
8.549107313156127930e-01
8.551200032234191895e-01
8.607003092765808105e-01
8.825334906578063965e-01
8.854631781578063965e-01
8.937639594078063965e-01
8.977399468421936035e-01
9.051339030265808105e-01
9.077845811843872070e-01
9.005301594734191895e-01
9.089704155921936035e-01
9.101562500000000000e-01
9.144112467765808105e-01
9.120396375656127930e-01
8.994837999343872070e-01
9.085518717765808105e-01
9.086914062500000000e-01
9.111328125000000000e-01
9.221540093421936035e-01
9.193638563156127930e-01
9.176200032234191895e-01
9.225028157234191895e-01
9.234793782234191895e-01
9.202706217765808105e-01
9.216657280921936035e-01
9.324079155921936035e-01
9.321986436843872070e-01
9.329659342765808105e-01
9.346400499343872070e-01
9.361746907234191895e-01
9.372209906578063965e-01
9.316406250000000000e-01
9.394531250000000000e-01
9.406389594078063965e-01
9.439173936843872070e-01
9.425920844078063965e-01
9.337332844734191895e-01
9.217354655265808105e-01
9.199218750000000000e-01
9.321289062500000000e-01
9.342913031578063965e-01
9.360351562500000000e-01
9.335240125656127930e-01
9.386858344078063965e-01
9.396623969078063965e-01
9.421038031578063965e-01
9.399414062500000000e-01
9.455915093421936035e-01
9.456612467765808105e-01
9.492884874343872070e-01
9.524274468421936035e-01
9.518694281578063965e-01
9.526367187500000000e-01
9.543805718421936035e-01
9.512416124343872070e-01
9.531947374343872070e-01
9.477539062500000000e-01
9.524971842765808105e-01
9.427315592765808105e-01
9.443359375000000000e-01
9.432198405265808105e-01
9.514508843421936035e-01
9.461495280265808105e-01
9.504743218421936035e-01
9.398716688156127930e-01
9.497767686843872070e-01
9.482421875000000000e-01
9.495674967765808105e-01
9.587053656578063965e-01
9.588448405265808105e-01
9.591936469078063965e-01
9.632393717765808105e-01
9.655413031578063965e-01
9.658900499343872070e-01
9.651924967765808105e-01
9.637974500656127930e-01
9.561244249343872070e-01
9.547991156578063965e-01
9.530552625656127930e-01
9.569615125656127930e-01
9.624720811843872070e-01
9.660295844078063965e-01
9.681919813156127930e-01
9.666573405265808105e-01
9.669364094734191895e-01
9.677734375000000000e-01
9.669364094734191895e-01
9.667968750000000000e-01
9.635184407234191895e-01
9.661690592765808105e-01
9.693080186843872070e-01
9.647042155265808105e-01
9.644252061843872070e-01
9.643554687500000000e-01
9.679827094078063965e-01
9.121093750000000000e-01
9.152483344078063965e-01
9.291992187500000000e-01
9.418945312500000000e-01
9.488002061843872070e-01
9.645647406578063965e-01
9.672154188156127930e-01
9.716099500656127930e-01
