2.904575765132904053e-01
3.442382812500000000e-01
3.940429687500000000e-01
4.153180718421936035e-01
4.499163031578063965e-01
4.671456515789031982e-01
4.812360405921936035e-01
5.079520344734191895e-01
5.085797905921936035e-01
5.204380750656127930e-01
5.352259874343872070e-01
5.424804687500000000e-01
5.431082844734191895e-01
5.643833875656127930e-01
5.711495280265808105e-01
5.806361436843872070e-01
5.945870280265808105e-01
6.001673936843872070e-01
5.939592719078063965e-01
6.000976562500000000e-01
5.988420844078063965e-01
6.218610405921936035e-01
6.213727593421936035e-01
6.366490125656127930e-01
6.201171875000000000e-01
6.344866156578063965e-01
6.464843750000000000e-01
6.586914062500000000e-01
6.455775499343872070e-01
6.581333875656127930e-01
6.663643717765808105e-01
6.660853624343872070e-01
6.810826063156127930e-01
6.720145344734191895e-01
6.766182780265808105e-01
6.697823405265808105e-01
6.744559407234191895e-01
6.685267686843872070e-01
6.632952094078063965e-01
6.960797905921936035e-01
7.057059407234191895e-01
7.043805718421936035e-01
7.202148437500000000e-01
7.148437500000000000e-01
7.086356282234191895e-01
7.105887532234191895e-01
7.263532280921936035e-01
7.254464030265808105e-01
7.334681749343872070e-01
7.294224500656127930e-01
7.214704155921936035e-01
7.395368218421936035e-01
7.365373969078063965e-01
7.302594780921936035e-01
7.354212999343872070e-01
7.391880750656127930e-01
7.482561469078063965e-01
7.483258843421936035e-01
7.384905219078063965e-01
7.606724500656127930e-01
7.534877061843872070e-01
7.528599500656127930e-01
7.457450032234191895e-01
7.614397406578063965e-01
7.506975531578063965e-01
7.489537000656127930e-01
7.583007812500000000e-01
7.635323405265808105e-01
7.697405219078063965e-01
7.722516655921936035e-01
7.795061469078063965e-01
7.719726562500000000e-01
7.727399468421936035e-01
7.770647406578063965e-01
7.774134874343872070e-01
7.882254719734191895e-01
7.728794813156127930e-01
7.525111436843872070e-01
7.610909342765808105e-01
7.843192219734191895e-01
7.938057780265808105e-01
7.835518717765808105e-01
7.893415093421936035e-01
7.948521375656127930e-01
7.849469780921936035e-01
7.970145344734191895e-01
8.040596842765808105e-01
8.062220811843872070e-01
7.983398437500000000e-01
8.044084906578063965e-01
8.065010905265808105e-01
8.023856282234191895e-01
8.045479655265808105e-01
7.968750000000000000e-01
7.195870280265808105e-01
7.314453125000000000e-01
7.643694281578063965e-01
7.697405219078063965e-01
7.823660969734191895e-01
7.792968750000000000e-01
7.785295844078063965e-01
8.007115125656127930e-01
7.972935438156127930e-01
7.988281250000000000e-01
7.977818250656127930e-01
8.074776530265808105e-01
8.102678656578063965e-01
8.120117187500000000e-01
8.147321343421936035e-01
8.127790093421936035e-01
8.171735405921936035e-01
8.145926594734191895e-01
8.115931749343872070e-01
8.156389594078063965e-01
8.034319281578063965e-01
8.219866156578063965e-01
8.187779188156127930e-01
8.183593750000000000e-01
8.146623969078063965e-01
8.212193250656127930e-01
8.355189561843872070e-01
8.330775499343872070e-01
8.341239094734191895e-01
8.339843750000000000e-01
8.319615125656127930e-01
8.342633843421936035e-01
8.417968750000000000e-01
8.463309407234191895e-01
8.479352593421936035e-01
8.436802625656127930e-01
8.495396375656127930e-01
8.494001030921936035e-01
8.519112467765808105e-01
8.436802625656127930e-01
8.532366156578063965e-01
8.564453125000000000e-01
8.461914062500000000e-01
8.504464030265808105e-01
8.440290093421936035e-01
8.361467719078063965e-01
8.550502061843872070e-01
8.450753092765808105e-01
8.342633843421936035e-01
8.337751030921936035e-01
8.415178656578063965e-01
6.917549967765808105e-01
6.201869249343872070e-01
6.549246907234191895e-01
6.938476562500000000e-01
7.180524468421936035e-01
7.292131781578063965e-01
7.272600531578063965e-01
7.345145344734191895e-01
7.503487467765808105e-01
7.676478624343872070e-01
7.775530219078063965e-01
7.873883843421936035e-01
7.871093750000000000e-01
7.728096842765808105e-01
7.752510905265808105e-01
8.021763563156127930e-01
8.130580186843872070e-01
7.933174967765808105e-01
8.044084906578063965e-01
8.191266655921936035e-01
8.144531250000000000e-01
8.090820312500000000e-01
8.001534342765808105e-01
8.144531250000000000e-01
8.208007812500000000e-01
8.187779188156127930e-01
8.297991156578063965e-01
8.083147406578063965e-01
8.097098469734191895e-01
8.171038031578063965e-01
8.314034342765808105e-01
8.304268717765808105e-01
8.343331217765808105e-01
8.424246907234191895e-01
8.422154188156127930e-01
8.452148437500000000e-01
8.409598469734191895e-01
8.452845811843872070e-01
8.528180718421936035e-01
8.491908311843872070e-01
8.510742187500000000e-01
8.564453125000000000e-01
8.557477593421936035e-01
8.573521375656127930e-01
8.554687500000000000e-01
8.625139594078063965e-01
8.642578125000000000e-01
8.733956217765808105e-01
8.581891655921936035e-01
8.516322374343872070e-01
8.615373969078063965e-01
8.563057780265808105e-01
8.638392686843872070e-01
8.597935438156127930e-01
8.610491156578063965e-01
