0	7	2
0	8	1
0	62	2
0	63	2
0	77	2
0	78	2
0	84	1
0	96	2
0	114	2
1	20	2
1	49	2
1	77	2
1	84	2
1	101	2
1	107	2
1	109	2
2	3	1
2	52	2
2	58	1
2	68	2
2	122	1
3	42	2
3	58	2
4	12	1
4	23	2
4	65	2
4	78	1
4	85	1
4	96	1
4	100	1
4	113	1
5	3	2
5	19	2
5	51	2
5	52	2
5	72	2
5	75	1
5	86	1
5	94	1
6	11	2
6	31	1
6	34	2
6	74	1
6	76	1
6	104	1
7	14	2
7	37	1
7	41	2
7	65	2
7	75	1
7	123	1
8	32	1
8	65	1
8	88	1
8	102	1
8	111	2
9	56	1
9	96	2
10	21	2
10	25	1
10	27	2
10	52	1
10	73	2
10	107	2
10	108	2
11	14	2
11	18	1
11	28	1
11	41	1
11	78	1
11	109	1
11	114	2
11	124	2
12	50	2
12	76	1
12	114	1
12	115	1
12	117	1
13	20	2
13	89	1
13	90	1
13	91	1
13	122	1
14	22	1
14	78	2
14	99	2
14	106	2
15	34	2
15	42	1
15	53	2
15	58	1
15	79	2
15	123	2
16	26	2
16	39	2
16	52	2
16	55	2
16	127	1
17	14	1
17	19	2
17	32	2
17	33	2
18	78	1
18	110	1
18	123	2
18	124	2
18	126	1
19	27	2
19	45	1
19	74	2
19	86	2
19	95	2
19	112	2
19	126	2
20	13	2
20	62	1
20	64	2
21	6	1
21	26	1
21	62	1
21	65	2
21	93	2
22	26	2
22	116	1
22	120	1
23	24	2
23	72	2
23	77	1
23	83	2
23	92	1
23	94	2
23	96	2
23	119	2
24	7	1
24	15	1
24	19	2
24	31	1
24	34	2
24	53	2
24	63	1
24	67	1
24	92	1
25	31	1
25	53	1
25	58	1
25	60	2
25	87	1
25	91	1
25	110	2
26	23	1
26	61	1
26	62	1
26	72	2
26	121	1
27	42	1
27	51	1
27	54	2
27	66	2
27	76	1
27	97	1
27	118	2
28	1	1
28	20	2
28	22	1
28	56	2
28	67	1
28	86	2
28	102	2
28	114	2
28	127	2
29	6	2
29	12	2
29	34	1
29	36	2
29	42	2
29	43	2
29	46	2
29	50	1
29	56	2
29	80	1
29	123	2
30	5	1
30	66	2
30	97	1
30	105	2
30	106	2
31	1	1
31	13	1
31	16	1
31	57	1
31	116	1
31	120	2
32	6	1
32	7	1
32	18	2
32	31	1
32	58	2
32	94	2
32	98	1
32	106	2
33	17	2
33	34	1
33	35	1
33	48	1
33	58	1
33	73	1
33	114	1
34	33	2
34	34	1
34	35	1
34	58	2
34	59	2
34	70	1
34	71	1
34	87	1
35	9	1
35	39	2
35	73	1
35	105	1
35	115	2
36	0	1
36	12	1
36	17	2
36	25	2
36	39	2
36	49	1
37	25	1
37	63	2
37	85	2
37	104	1
38	5	1
38	56	1
38	108	2
39	8	2
39	19	2
39	40	1
39	65	1
39	103	2
39	117	1
39	120	2
39	124	1
40	35	2
40	47	1
40	66	1
40	116	2
40	119	1
40	122	1
41	15	2
41	64	1
41	65	2
41	93	1
41	109	1
42	31	1
43	19	1
43	21	2
43	27	2
43	51	2
43	66	2
43	73	2
43	80	2
43	88	1
43	95	1
43	96	2
43	99	1
43	112	2
44	8	1
44	12	1
44	30	2
44	43	2
44	48	2
44	59	1
44	73	1
44	98	2
44	118	2
45	1	2
45	2	2
45	13	1
45	41	2
45	122	1
46	75	2
46	90	2
46	102	1
47	22	1
47	37	1
47	72	2
47	80	1
47	102	2
48	41	2
48	67	2
48	93	2
48	119	1
48	124	2
49	0	1
49	11	1
49	26	1
49	37	1
49	63	2
49	70	2
49	114	2
50	5	2
50	18	1
50	57	1
50	59	2
50	66	2
50	69	1
50	111	2
50	119	2
51	20	2
51	25	1
51	59	1
51	75	2
51	96	1
52	1	2
52	13	2
52	26	1
52	31	2
52	40	1
52	44	1
52	64	1
52	78	1
52	88	2
52	95	1
52	97	1
52	122	2
53	9	1
53	20	1
53	55	1
53	91	1
53	106	1
54	29	2
54	30	1
54	40	1
54	43	1
54	51	2
54	59	2
54	87	1
54	113	1
55	0	1
55	3	2
55	67	1
55	73	2
55	97	2
55	121	2
56	27	1
56	30	1
56	57	1
56	59	1
56	89	2
56	125	2
57	3	2
57	5	2
57	15	2
57	30	1
57	66	2
57	103	1
57	126	2
58	28	1
58	39	1
58	71	2
58	98	2
58	120	2
59	18	2
59	58	2
59	66	1
59	96	1
59	99	1
59	127	2
60	82	2
60	97	2
60	110	2
60	122	1
61	9	1
61	20	1
61	30	2
61	37	1
61	40	2
61	67	2
62	12	1
62	27	1
62	29	2
62	34	2
62	70	2
62	72	1
62	76	1
62	96	1
62	105	2
63	0	1
63	17	1
63	21	1
63	62	1
63	68	1
63	69	2
63	96	2
63	102	1
63	121	1
64	26	1
64	44	1
65	0	1
65	33	1
65	123	1
66	44	1
66	45	1
66	60	2
66	117	1
66	118	2
67	33	1
67	35	1
67	37	2
67	38	2
67	53	1
67	76	2
67	78	1
68	44	1
68	58	2
68	82	1
68	111	2
69	33	1
69	47	2
69	79	2
69	125	1
70	19	1
70	24	2
70	51	1
70	62	2
70	81	1
70	105	1
71	33	1
71	34	1
71	41	1
71	110	2
71	112	2
71	113	1
71	120	1
72	20	2
72	51	1
72	56	2
72	69	1
72	89	1
72	111	2
73	22	2
73	39	2
73	49	1
73	64	2
73	77	2
73	78	2
73	93	2
73	111	2
73	119	1
74	22	2
74	23	2
74	27	1
74	28	2
74	63	2
74	66	1
74	116	2
74	119	1
75	1	1
75	4	2
75	17	2
75	30	2
75	58	2
76	7	1
76	35	2
76	39	1
76	43	1
76	46	1
76	51	2
76	55	2
76	66	2
76	81	2
76	85	2
76	86	1
77	8	2
77	65	2
77	72	2
77	95	1
77	99	2
77	118	1
78	4	1
78	18	2
78	26	2
78	31	1
78	57	1
78	61	2
78	73	1
78	80	1
78	90	2
78	106	1
79	18	1
79	27	2
79	45	2
79	53	1
79	56	2
79	71	1
79	74	2
79	115	2
79	123	2
79	126	1
80	46	2
80	61	2
80	70	2
80	73	1
80	88	2
81	19	2
81	21	1
81	25	1
81	39	2
81	65	2
81	68	2
81	73	2
81	78	2
81	82	2
81	91	2
81	120	1
82	22	2
82	44	1
82	55	1
82	60	2
82	83	1
82	109	2
83	24	1
83	66	1
83	114	1
84	10	2
84	29	2
84	46	1
84	61	2
84	67	1
84	98	1
84	112	1
84	113	2
84	115	1
84	116	1
85	13	2
85	21	2
85	23	2
85	54	2
85	73	1
85	104	2
85	124	1
86	2	2
86	4	1
86	25	2
86	29	2
86	43	1
86	51	2
86	82	2
86	85	2
86	114	1
86	116	1
87	4	1
87	23	2
87	36	1
87	96	1
87	120	2
88	9	2
88	10	2
88	21	1
88	25	2
88	49	1
88	84	1
88	123	2
89	2	2
89	10	1
89	13	1
89	110	1
90	1	2
90	4	2
90	8	2
90	17	2
90	36	1
90	94	2
90	106	1
90	126	1
91	14	1
91	61	1
91	73	1
91	75	1
92	1	1
92	53	1
92	83	2
92	96	1
92	106	2
92	114	2
93	27	1
93	31	2
93	38	1
93	39	1
93	64	1
94	39	2
94	101	2
95	39	2
95	53	2
95	60	1
95	66	2
95	111	2
95	116	1
96	14	1
96	24	1
96	31	1
96	44	1
96	47	1
96	63	2
96	69	1
97	5	2
97	29	2
98	1	1
98	5	2
98	21	2
98	29	2
98	59	2
98	63	2
98	64	1
98	71	1
98	72	1
98	93	1
99	19	2
99	50	2
99	65	1
99	84	2
99	102	1
99	117	2
99	121	1
99	126	1
100	1	1
100	5	2
100	16	2
100	38	1
100	70	2
100	98	1
100	126	1
101	20	1
101	46	2
101	57	1
101	73	1
101	77	1
101	81	2
101	84	1
101	89	2
101	93	2
101	103	1
101	106	1
102	7	1
102	33	1
102	63	1
102	67	1
102	72	1
102	77	2
102	78	2
102	80	1
102	94	1
102	97	1
102	108	2
103	10	2
103	11	1
103	30	1
103	31	1
103	45	1
103	68	1
103	88	1
103	93	2
103	118	1
104	11	2
104	12	2
104	28	2
104	43	1
104	54	1
104	61	1
104	80	1
104	112	2
104	113	1
105	62	2
105	84	1
105	93	1
106	5	2
106	9	2
106	19	1
106	24	2
106	35	2
106	46	2
106	95	1
106	127	1
107	1	1
107	16	2
107	17	2
107	19	1
107	46	1
107	84	2
107	94	2
107	103	2
107	127	2
108	32	1
108	54	1
108	74	1
108	82	1
108	90	2
108	103	2
109	12	1
109	45	1
109	54	2
109	62	1
109	64	1
109	75	1
109	87	2
109	106	2
109	127	2
110	2	2
110	39	2
111	14	1
111	24	1
111	60	1
111	84	1
111	126	1
112	16	2
112	28	1
112	39	1
112	42	1
112	62	2
112	72	2
112	91	2
112	99	2
112	101	2
112	103	2
113	8	2
113	43	1
113	53	2
113	63	2
113	74	1
113	95	1
113	102	2
113	119	1
114	18	2
114	67	1
114	74	2
114	115	1
115	91	1
115	105	2
115	117	1
115	127	1
116	9	2
116	18	2
116	119	1
116	122	1
117	5	1
117	6	1
117	38	2
117	87	1
117	90	1
117	104	1
117	105	1
117	126	2
118	6	1
118	56	2
118	68	1
118	92	1
118	105	1
118	124	2
119	79	1
119	87	2
120	23	1
120	39	2
120	43	1
120	73	2
120	112	2
121	12	2
121	33	1
121	51	1
121	72	2
121	76	2
121	79	1
121	88	1
121	100	1
121	126	1
122	28	1
122	58	1
122	60	1
122	76	1
122	117	1
123	7	2
123	15	1
123	105	2
123	117	2
124	4	2
124	8	1
124	46	2
124	47	1
124	65	1
124	107	1
124	109	2
124	114	1
125	66	1
125	72	2
125	113	2
125	114	2
125	118	2
126	9	1
126	60	1
126	61	1
126	69	1
126	111	2
126	115	2
126	118	1
126	123	2
126	125	1
127	11	2
127	41	2
127	70	1
127	102	1
