2.413651316116253651e-02
1.860648626461625099e-02
1.422550032536188704e-02
1.242608018219470978e-02
1.027296871567765814e-02
8.913232556854685726e-03
8.221722518404325428e-03
7.718976121395826340e-03
7.341050930942098589e-03
7.045902622242768316e-03
6.795247551053762436e-03
6.560599392590423136e-03
6.323354163517554312e-03
6.072007158460716696e-03
5.800476646982133389e-03
5.508149275556206703e-03
5.200557876378297806e-03
4.888755385763943195e-03
4.586121843506892233e-03
4.303450463339686394e-03
4.045434451351563425e-03
3.812228911556303501e-03
3.606424550525844097e-03
3.433616890106350183e-03
3.289245010819286108e-03
3.159863660888125644e-03
3.035015562394013152e-03
2.908768675600489125e-03
2.777856502992411599e-03
2.640506466074536100e-03
2.495353614600996032e-03
2.340744967417170749e-03
2.175348500410715594e-03
1.999925647396594286e-03
1.818809900820876234e-03
1.639002914695690148e-03
1.466503231010089390e-03
1.304858713410794735e-03
1.159167324658483267e-03
1.033200348805015214e-03
9.168052250364174807e-04
8.133622371436407530e-04
7.329280003129193819e-04
6.715275812894105911e-04
6.275805450665453708e-04
5.951483277992034590e-04
5.692832880110169089e-04
5.467724792348841465e-04
5.267650655393177903e-04
5.093607275436321533e-04
4.943642270518466830e-04
4.812717234017327428e-04
4.695611035761733669e-04
4.588203786018614787e-04
4.487549886107444763e-04
4.391540763511632699e-04
4.298456818408643025e-04
4.206580730775992256e-04
4.114537732675671577e-04
4.021981828069935423e-04
3.928779139338682276e-04
3.834550613343405408e-04
3.739491270001356620e-04
3.644553192619544584e-04
3.551268770631092471e-04
3.461235367770617026e-04
3.375808640460793990e-04
3.295722150748285335e-04
3.221163812365072650e-04
3.151826264608341139e-04
3.087186681417127270e-04
3.026613727949249428e-04
2.969504639622755349e-04
2.915372266822184306e-04
2.863767561696780044e-04
2.814295100203405005e-04
2.766589265471945387e-04
2.720346310525201261e-04
2.675308569450862706e-04
2.631331662996672094e-04
2.588359687554960269e-04
2.546430841903202236e-04
2.505596179010656792e-04
2.465458916655431372e-04
2.423538123063432583e-04
2.376950190713008335e-04
2.334733265646112552e-04
2.308866605744697154e-04
2.254025675938464701e-04
2.211422591547792247e-04
2.160929628492643526e-04
2.118886695825494826e-04
2.091755692769462773e-04
2.055868802320522657e-04
2.019666038298358610e-04
1.993819957230395237e-04
1.959912333404645324e-04
1.922124635408787587e-04
1.899150605216467223e-04
1.875572100592156342e-04
