2.997349202632904053e-01
3.706054687500000000e-01
4.121791422367095947e-01
4.522182047367095947e-01
4.802594780921936035e-01
4.797711968421936035e-01
4.909319281578063965e-01
5.149971842765808105e-01
5.384346842765808105e-01
5.424107313156127930e-01
5.476422905921936035e-01
5.620117187500000000e-01
5.678710937500000000e-01
5.807756781578063965e-01
5.920061469078063965e-01
5.958426594734191895e-01
6.056082844734191895e-01
6.017717719078063965e-01
6.155133843421936035e-01
6.179547905921936035e-01
6.252092719078063965e-01
6.289759874343872070e-01
6.323939561843872070e-01
6.377650499343872070e-01
6.424385905265808105e-01
6.572962999343872070e-01
6.519252061843872070e-01
6.629464030265808105e-01
6.662248969078063965e-01
6.587611436843872070e-01
6.720842719078063965e-01
6.706194281578063965e-01
6.683872938156127930e-01
6.776646375656127930e-01
6.797572374343872070e-01
6.854073405265808105e-01
6.982421875000000000e-01
6.971958875656127930e-01
6.960100531578063965e-01
7.066825032234191895e-01
7.041015625000000000e-01
7.047991156578063965e-01
7.092633843421936035e-01
7.183314561843872070e-01
7.129603624343872070e-01
7.170061469078063965e-01
7.180524468421936035e-01
7.247489094734191895e-01
7.195870280265808105e-01
7.276087999343872070e-01
7.302594780921936035e-01
7.324916124343872070e-01
7.271205186843872070e-01
7.286551594734191895e-01
7.278180718421936035e-01
7.390485405921936035e-01
7.398856282234191895e-01
7.399553656578063965e-01
7.460937500000000000e-01
7.489537000656127930e-01
7.501395344734191895e-01
7.268415093421936035e-01
7.453961968421936035e-01
7.507672905921936035e-01
7.620674967765808105e-01
7.535575032234191895e-01
7.633231282234191895e-01
7.588587999343872070e-01
7.640904188156127930e-01
7.648577094078063965e-01
7.578822374343872070e-01
7.534877061843872070e-01
7.477678656578063965e-01
7.692522406578063965e-01
7.596958875656127930e-01
7.587890625000000000e-01
7.710658311843872070e-01
7.730887532234191895e-01
7.710658311843872070e-01
7.755998969078063965e-01
7.832031250000000000e-01
7.846679687500000000e-01
7.873883843421936035e-01
7.892020344734191895e-01
7.857142686843872070e-01
7.764369249343872070e-01
7.829241156578063965e-01
7.940848469734191895e-01
7.895507812500000000e-01
7.951311469078063965e-01
7.977818250656127930e-01
7.898297905921936035e-01
8.018275499343872070e-01
8.016182780265808105e-01
8.049665093421936035e-01
7.945731282234191895e-01
7.970145344734191895e-01
8.014788031578063965e-01
8.068498969078063965e-01
8.112444281578063965e-01
8.078961968421936035e-01
8.060128092765808105e-01
8.050362467765808105e-01
8.044782280921936035e-01
8.101981282234191895e-01
8.049665093421936035e-01
8.037109375000000000e-01
8.059430718421936035e-01
8.098493218421936035e-01
8.173828125000000000e-01
8.106166124343872070e-01
8.142438530921936035e-01
8.135462999343872070e-01
8.202427625656127930e-01
8.222656250000000000e-01
8.235909342765808105e-01
8.102678656578063965e-01
8.089424967765808105e-01
8.224051594734191895e-01
8.172432780265808105e-01
8.227539062500000000e-01
8.235909342765808105e-01
8.304268717765808105e-01
8.304966688156127930e-01
8.289620280265808105e-01
8.311942219734191895e-01
8.365653157234191895e-01
8.262416124343872070e-01
8.379603624343872070e-01
8.285435438156127930e-01
8.364955186843872070e-01
8.429827094078063965e-01
8.368443250656127930e-01
8.376116156578063965e-01
8.205915093421936035e-01
8.071986436843872070e-01
8.287528157234191895e-01
8.476562500000000000e-01
8.472377061843872070e-01
8.468192219734191895e-01
8.436802625656127930e-01
8.404017686843872070e-01
8.446568250656127930e-01
8.366350531578063965e-01
8.427734375000000000e-01
8.424246907234191895e-01
8.470284342765808105e-01
8.509346842765808105e-01
8.404715657234191895e-01
8.422154188156127930e-01
8.451451063156127930e-01
8.492606282234191895e-01
8.471679687500000000e-01
8.524693250656127930e-01
8.534458875656127930e-01
8.616768717765808105e-01
8.531668782234191895e-01
8.419364094734191895e-01
8.443080186843872070e-01
8.382393717765808105e-01
8.355887532234191895e-01
8.551897406578063965e-01
8.500976562500000000e-01
8.363560438156127930e-01
8.571428656578063965e-01
8.599330186843872070e-01
8.574218750000000000e-01
8.710240125656127930e-01
8.695591688156127930e-01
8.591657280921936035e-01
8.445172905921936035e-01
8.390764594078063965e-01
8.497489094734191895e-01
8.588867187500000000e-01
8.641880750656127930e-01
8.697684407234191895e-01
8.529576063156127930e-01
8.666992187500000000e-01
8.665596842765808105e-01
8.668387532234191895e-01
8.706054687500000000e-01
8.703961968421936035e-01
8.540039062500000000e-01
8.665596842765808105e-01
8.666992187500000000e-01
8.753487467765808105e-01
8.798130750656127930e-01
8.756975531578063965e-01
8.703264594078063965e-01
8.767438530921936035e-01
8.888114094734191895e-01
8.836495280265808105e-01
8.663504719734191895e-01
8.703961968421936035e-01
8.800920844078063965e-01
8.772321343421936035e-01
8.767438530921936035e-01
8.734654188156127930e-01
8.844168782234191895e-01
8.877650499343872070e-01
