2.949262559413909912e-01
-3.030534088611602783e-01
-2.928784489631652832e-01
-8.994423598051071167e-02
9.409408569335937500e-01
1.514333367347717285e+00
6.900922060012817383e-01
-5.889440774917602539e-01
9.519833326339721680e-01
-1.336740106344223022e-01
-5.077943801879882812e-01
2.763412296772003174e-01
-8.547194004058837891e-01
1.757875829935073853e-02
-1.403204202651977539e-01
1.313097119331359863e+00
7.268523573875427246e-01
3.041757643222808838e-01
6.460185647010803223e-01
-3.551070094108581543e-01
1.110102534294128418e-01
8.845748305320739746e-01
6.140025258064270020e-01
-2.423131614923477173e-01
1.502572596073150635e-01
-9.563603401184082031e-01
1.191786289215087891e+00
-1.371145367622375488e+00
1.780581921339035034e-01
-7.787294983863830566e-01
1.200335741043090820e+00
-5.845904722809791565e-02
-1.003217816352844238e+00
-1.004856731742620468e-02
-1.034810543060302734e+00
6.612000614404678345e-02
-1.949028968811035156e-01
5.946676135063171387e-01
1.185835361480712891e+00
-1.227361440658569336e+00
-7.937027812004089355e-01
4.503278806805610657e-02
8.959873318672180176e-01
-4.586947858333587646e-01
-2.040435969829559326e-01
-1.498073935508728027e+00
-3.979165554046630859e-01
7.520047426223754883e-01
1.054310798645019531e-01
7.722557187080383301e-01
1.058233737945556641e+00
8.779304623603820801e-01
-9.800230264663696289e-01
-4.748895764350891113e-01
-2.106285691261291504e-01
-2.097314149141311646e-01
-4.686671495437622070e-02
1.498200654983520508e+00
7.104283571243286133e-01
-2.103711515665054321e-01
2.991707324981689453e-01
6.363896131515502930e-01
7.401920109987258911e-02
1.291760683059692383e+00
