2.751813530921936035e-01
3.508649468421936035e-01
3.989257812500000000e-01
4.285714328289031982e-01
4.473353922367095947e-01
4.617745578289031982e-01
4.759347140789031982e-01
4.930245578289031982e-01
4.935825765132904053e-01
5.101143717765808105e-01
5.242745280265808105e-01
5.335518717765808105e-01
5.468750000000000000e-01
5.581054687500000000e-01
5.591517686843872070e-01
5.648018717765808105e-01
5.839843750000000000e-01
5.898437500000000000e-01
5.954241156578063965e-01
5.998883843421936035e-01
6.028878092765808105e-01
6.069335937500000000e-01
6.224888563156127930e-01
6.226283311843872070e-01
6.307896375656127930e-01
6.347656250000000000e-01
6.339285969734191895e-01
6.419503092765808105e-01
6.377650499343872070e-01
6.531807780265808105e-01
6.489257812500000000e-01
6.387416124343872070e-01
6.597377061843872070e-01
6.735491156578063965e-01
6.747349500656127930e-01
6.727120280265808105e-01
6.782226562500000000e-01
6.803850531578063965e-01
6.743164062500000000e-01
6.868721842765808105e-01
6.782923936843872070e-01
6.821289062500000000e-01
6.946149468421936035e-01
6.869419813156127930e-01
7.052176594734191895e-01
7.045898437500000000e-01
7.004045844078063965e-01
7.045898437500000000e-01
7.056361436843872070e-01
7.099609375000000000e-01
7.214704155921936035e-01
7.181919813156127930e-01
7.233538031578063965e-01
7.218889594078063965e-01
7.245396375656127930e-01
7.281668782234191895e-01
7.160295844078063965e-01
7.277483344078063965e-01
7.135881781578063965e-01
7.157505750656127930e-01
7.400948405265808105e-01
7.351422905921936035e-01
7.417689561843872070e-01
7.342354655265808105e-01
7.292131781578063965e-01
7.478376030921936035e-01
7.594168782234191895e-01
7.507672905921936035e-01
7.519531250000000000e-01
7.481864094734191895e-01
7.502092719078063965e-01
7.441406250000000000e-01
7.561383843421936035e-01
7.588587999343872070e-01
7.572544813156127930e-01
7.656947374343872070e-01
7.584403157234191895e-01
7.559291124343872070e-01
7.622070312500000000e-01
7.646484375000000000e-01
7.712053656578063965e-01
7.636021375656127930e-01
7.575334906578063965e-01
7.775530219078063965e-01
7.765067219734191895e-01
7.611607313156127930e-01
7.721121907234191895e-01
7.701590657234191895e-01
7.788085937500000000e-01
7.855049967765808105e-01
7.821568250656127930e-01
7.912946343421936035e-01
7.606724500656127930e-01
7.786690592765808105e-01
7.905273437500000000e-01
7.923409342765808105e-01
7.964564561843872070e-01
7.942940592765808105e-01
7.785993218421936035e-01
7.843889594078063965e-01
7.950614094734191895e-01
7.899693250656127930e-01
7.965959906578063965e-01
7.966657280921936035e-01
8.055943250656127930e-01
8.126395344734191895e-01
8.150111436843872070e-01
8.058035969734191895e-01
8.076171875000000000e-01
8.078264594078063965e-01
8.182896375656127930e-01
8.106864094734191895e-01
8.235211968421936035e-01
8.217076063156127930e-01
8.229631781578063965e-01
8.205217719078063965e-01
8.212890625000000000e-01
8.166155219078063965e-01
8.012695312500000000e-01
8.002929687500000000e-01
8.159877061843872070e-01
8.266601562500000000e-01
8.149414062500000000e-01
8.164759874343872070e-01
8.240792155265808105e-01
8.286830186843872070e-01
8.272879719734191895e-01
8.394950032234191895e-01
8.314732313156127930e-01
8.345423936843872070e-01
8.356584906578063965e-01
8.382393717765808105e-01
8.224051594734191895e-01
8.368443250656127930e-01
8.318917155265808105e-01
8.357282280921936035e-01
8.374023437500000000e-01
8.191266655921936035e-01
8.414481282234191895e-01
8.425641655921936035e-01
8.501673936843872070e-01
8.509346842765808105e-01
8.424944281578063965e-01
8.414481282234191895e-01
8.453543782234191895e-01
8.403320312500000000e-01
8.553990125656127930e-01
8.341936469078063965e-01
8.498883843421936035e-01
8.582589030265808105e-01
8.438197374343872070e-01
8.490513563156127930e-01
8.469586968421936035e-01
8.566545844078063965e-01
8.581194281578063965e-01
8.579101562500000000e-01
8.581891655921936035e-01
8.568638563156127930e-01
8.492606282234191895e-01
8.302873969078063965e-01
8.401227593421936035e-01
8.466099500656127930e-01
8.616071343421936035e-01
8.597935438156127930e-01
8.508649468421936035e-01
8.615373969078063965e-01
8.670479655265808105e-01
8.673270344734191895e-01
8.753487467765808105e-01
8.639788031578063965e-01
8.643973469734191895e-01
8.649553656578063965e-01
8.700474500656127930e-01
8.650251030921936035e-01
8.608398437500000000e-01
8.665596842765808105e-01
8.731166124343872070e-01
8.804408311843872070e-01
8.709542155265808105e-01
8.735351562500000000e-01
8.576311469078063965e-01
8.468889594078063965e-01
8.515625000000000000e-01
8.761858344078063965e-01
8.754185438156127930e-01
8.854631781578063965e-01
8.824637532234191895e-01
8.824637532234191895e-01
8.803013563156127930e-01
8.655133843421936035e-01
8.754185438156127930e-01
8.796038031578063965e-01
8.826032280921936035e-01
8.837193250656127930e-01
8.680245280265808105e-01
8.719307780265808105e-01
8.741629719734191895e-01
8.681640625000000000e-01
8.779296875000000000e-01
8.867187500000000000e-01
