2.594866156578063965e-01
3.645368218421936035e-01
4.100864827632904053e-01
4.360351562500000000e-01
4.524274468421936035e-01
4.762834906578063965e-01
4.896065890789031982e-01
5.013253092765808105e-01
5.136021375656127930e-01
5.224609375000000000e-01
5.290876030921936035e-01
5.404576063156127930e-01
5.483398437500000000e-01
5.681501030921936035e-01
5.718470811843872070e-01
5.783342719078063965e-01
5.881696343421936035e-01
5.932617187500000000e-01
5.974469780921936035e-01
5.959123969078063965e-01
5.938197374343872070e-01
6.179547905921936035e-01
6.286272406578063965e-01
6.312779188156127930e-01
6.337193250656127930e-01
6.348353624343872070e-01
6.413225531578063965e-01
6.464843750000000000e-01
6.435546875000000000e-01
6.594586968421936035e-01
6.524134874343872070e-01
6.496930718421936035e-01
6.380440592765808105e-01
6.556919813156127930e-01
6.575753092765808105e-01
6.770368218421936035e-01
6.741768717765808105e-01
6.819893717765808105e-01
6.623186469078063965e-01
6.680384874343872070e-01
6.848493218421936035e-01
6.708287000656127930e-01
6.838727593421936035e-01
6.890345811843872070e-01
6.813616156578063965e-01
6.898716688156127930e-01
6.891043782234191895e-01
6.947544813156127930e-01
6.944754719734191895e-01
6.989397406578063965e-01
7.118443250656127930e-01
7.166573405265808105e-01
7.172851562500000000e-01
7.232142686843872070e-01
7.232142686843872070e-01
7.243303656578063965e-01
7.270507812500000000e-01
7.095423936843872070e-01
7.057059407234191895e-01
7.022879719734191895e-01
6.987304687500000000e-01
7.147740125656127930e-01
7.232840657234191895e-01
7.282366156578063965e-01
7.401646375656127930e-01
7.293526530265808105e-01
7.440010905265808105e-01
7.465122938156127930e-01
7.433733344078063965e-01
7.382115125656127930e-01
7.333287000656127930e-01
7.336077094078063965e-01
7.385602593421936035e-01
7.488839030265808105e-01
7.505580186843872070e-01
7.514648437500000000e-01
7.625557780265808105e-01
7.631138563156127930e-01
7.632533311843872070e-01
7.679268717765808105e-01
7.558593750000000000e-01
7.651367187500000000e-01
7.681361436843872070e-01
7.700195312500000000e-01
7.729492187500000000e-01
7.638114094734191895e-01
7.672991156578063965e-01
7.710658311843872070e-01
7.665318250656127930e-01
7.791573405265808105e-01
7.801339030265808105e-01
7.833426594734191895e-01
7.769252061843872070e-01
7.846679687500000000e-01
7.832728624343872070e-01
7.826451063156127930e-01
7.799246907234191895e-01
7.830635905265808105e-01
7.743443250656127930e-01
7.888532280921936035e-01
7.819475531578063965e-01
7.884346842765808105e-01
7.891322374343872070e-01
7.851562500000000000e-01
7.871093750000000000e-01
7.850865125656127930e-01
7.931082844734191895e-01
8.010602593421936035e-01
8.025948405265808105e-01
7.986188530921936035e-01
8.053153157234191895e-01
8.086634874343872070e-01
7.992466688156127930e-01
8.042689561843872070e-01
8.087332844734191895e-01
8.092215657234191895e-01
8.011299967765808105e-01
8.056640625000000000e-01
8.064313530921936035e-01
8.064313530921936035e-01
8.076869249343872070e-01
8.079659342765808105e-01
8.026646375656127930e-01
8.141043782234191895e-01
8.118024468421936035e-01
8.224051594734191895e-01
8.125697374343872070e-01
8.103376030921936035e-01
8.226143717765808105e-01
8.221958875656127930e-01
8.102678656578063965e-01
8.230329155921936035e-01
8.175920844078063965e-01
8.298688530921936035e-01
8.231724500656127930e-01
8.252650499343872070e-01
8.281250000000000000e-01
8.307756781578063965e-01
8.376813530921936035e-01
8.279854655265808105e-01
8.201032280921936035e-01
8.148018717765808105e-01
8.255440592765808105e-01
8.332868218421936035e-01
8.157784342765808105e-01
8.204520344734191895e-01
8.346819281578063965e-01
8.439592719078063965e-01
8.436104655265808105e-01
8.323799967765808105e-01
8.461914062500000000e-01
8.475865125656127930e-01
8.371233344078063965e-01
8.369837999343872070e-01
8.325195312500000000e-01
8.358677625656127930e-01
8.365653157234191895e-01
8.400530219078063965e-01
8.526087999343872070e-01
8.521205186843872070e-01
8.386579155921936035e-01
8.376813530921936035e-01
8.342633843421936035e-01
8.425641655921936035e-01
8.369140625000000000e-01
8.381696343421936035e-01
8.565150499343872070e-01
8.530273437500000000e-01
8.612583875656127930e-01
8.541434407234191895e-01
8.436802625656127930e-01
8.593750000000000000e-01
8.507254719734191895e-01
8.416573405265808105e-01
8.491210937500000000e-01
8.448660969734191895e-01
8.535853624343872070e-01
8.609793782234191895e-01
8.604910969734191895e-01
8.619559407234191895e-01
8.693498969078063965e-01
8.663504719734191895e-01
8.530273437500000000e-01
8.509346842765808105e-01
8.527483344078063965e-01
8.503069281578063965e-01
8.597935438156127930e-01
8.737444281578063965e-01
8.717215657234191895e-01
8.724190592765808105e-01
8.666294813156127930e-01
8.615373969078063965e-01
8.668387532234191895e-01
8.537946343421936035e-01
8.544224500656127930e-01
8.752790093421936035e-01
8.745814561843872070e-01
8.692103624343872070e-01
8.761858344078063965e-01
8.646763563156127930e-01
